[12, 116.235408984, 39.693693209]
[13, 116.24707115, 39.6937694157]
[14, 116.258733359, 39.6938444513]
[15, 116.270395612, 39.6939183158]
[16, 116.282057908, 39.6939910091]
[17, 116.293720245, 39.6940625312]
[18, 116.305382624, 39.6941328822]
[53, 116.095349058, 39.7016965354]
[54, 116.107012159, 39.7017868231]
[55, 116.118675312, 39.7018759395]
[56, 116.130338516, 39.7019638846]
[57, 116.142001771, 39.7020506583]
[58, 116.153665076, 39.7021362607]
[59, 116.165328431, 39.7022206917]
[60, 116.176991834, 39.7023039513]
[61, 116.188655286, 39.7023860394]
[62, 116.200318785, 39.7024669562]
[63, 116.21198233, 39.7025467015]
[64, 116.223645922, 39.7026252754]
[65, 116.235309559, 39.7027026778]
[66, 116.246973241, 39.7027789088]
[67, 116.258636967, 39.7028539682]
[68, 116.270300736, 39.7029278562]
[69, 116.281964548, 39.7030005726]
[70, 116.293628402, 39.7030721175]
[71, 116.305292297, 39.7031424909]
[72, 116.316956233, 39.7032116927]
[73, 116.328620208, 39.703279723]
[74, 116.340284223, 39.7033465816]
[106, 116.095231389, 39.7107056701]
[107, 116.106896006, 39.7107959865]
[108, 116.118560675, 39.7108851313]
[109, 116.130225396, 39.7109731043]
[110, 116.141890168, 39.7110599056]
[111, 116.153554989, 39.7111455352]
[112, 116.165219861, 39.7112299931]
[113, 116.176884781, 39.7113132791]
[114, 116.188549749, 39.7113953934]
[115, 116.200214765, 39.7114763359]
[116, 116.211879827, 39.7115561066]
[117, 116.223544936, 39.7116347054]
[118, 116.23521009, 39.7117121325]
[119, 116.246875289, 39.7117883876]
[120, 116.258540531, 39.711863471]
[121, 116.270205817, 39.7119373824]
[122, 116.281871146, 39.7120101219]
[123, 116.293536517, 39.7120816896]
[124, 116.305201929, 39.7121520853]
[125, 116.316867382, 39.7122213091]
[126, 116.328532874, 39.712289361]
[127, 116.340198406, 39.712356241]
[128, 116.351863977, 39.7124219489]
[129, 116.363529585, 39.7124864849]
[159, 116.095113666, 39.7197147906]
[160, 116.106779801, 39.7198051357]
[161, 116.118445987, 39.7198943088]
[162, 116.130112225, 39.7199823098]
[163, 116.141778514, 39.7200691387]
[164, 116.153444853, 39.7201547955]
[165, 116.165111242, 39.7202392802]
[166, 116.17677768, 39.7203225927]
[167, 116.188444165, 39.7204047331]
[168, 116.200110698, 39.7204857013]
[169, 116.211777278, 39.7205654974]
[170, 116.223443904, 39.7206441212]
[171, 116.235110576, 39.7207215729]
[172, 116.246777292, 39.7207978523]
[173, 116.258444052, 39.7208729595]
[174, 116.270110856, 39.7209468944]
[175, 116.281777702, 39.7210196571]
[176, 116.293444591, 39.7210912475]
[177, 116.30511152, 39.7211616656]
[178, 116.316778491, 39.7212309114]
[179, 116.328445501, 39.7212989849]
[180, 116.340112551, 39.7213658861]
[181, 116.351779639, 39.721431615]
[182, 116.363446765, 39.7214961715]
[183, 116.375113928, 39.7215595556]
[184, 116.386781128, 39.7216217674]
[185, 116.398448364, 39.7216828068]
[186, 116.410115635, 39.7217426739]
[187, 116.42178294, 39.7218013685]
[188, 116.43345028, 39.7218588907]
[212, 116.094995891, 39.7287238967]
[213, 116.106663543, 39.7288142706]
[214, 116.118331248, 39.728903472]
[215, 116.129999004, 39.728991501]
[216, 116.141666811, 39.7290783575]
[217, 116.153334668, 39.7291640415]
[218, 116.165002575, 39.729248553]
[219, 116.17667053, 39.7293318921]
[220, 116.188338534, 39.7294140586]
[221, 116.200006585, 39.7294950525]
[222, 116.211674683, 39.7295748739]
[223, 116.223342827, 39.7296535228]
[224, 116.235011017, 39.729730999]
[225, 116.246679251, 39.7298073027]
[226, 116.25834753, 39.7298824337]
[227, 116.270015852, 39.7299563922]
[228, 116.281684216, 39.730029178]
[229, 116.293352623, 39.7301007911]
[230, 116.305021071, 39.7301712316]
[231, 116.31668956, 39.7302404995]
[232, 116.328358088, 39.7303085946]
[233, 116.340026656, 39.7303755171]
[234, 116.351695263, 39.7304412668]
[235, 116.363363907, 39.7305058439]
[236, 116.375032589, 39.7305692482]
[237, 116.386701308, 39.7306314797]
[238, 116.398370062, 39.7306925386]
[239, 116.410038851, 39.7307524246]
[240, 116.421707675, 39.7308111379]
[241, 116.433376533, 39.7308686784]
[242, 116.445045424, 39.7309250461]
[243, 116.456714347, 39.7309802411]
[244, 116.468383303, 39.7310342632]
[245, 116.480052289, 39.7310871124]
[265, 116.094878063, 39.7377329885]
[266, 116.106547234, 39.7378233911]
[267, 116.118216457, 39.7379126209]
[268, 116.129885731, 39.7380006778]
[269, 116.141555057, 39.738087562]
[270, 116.153224433, 39.7381732732]
[271, 116.164893858, 39.7382578116]
[272, 116.176563333, 39.7383411771]
[273, 116.188232855, 39.7384233697]
[274, 116.199902425, 39.7385043894]
[275, 116.211572042, 39.7385842362]
[276, 116.223241705, 39.7386629101]
[277, 116.234911414, 39.7387404109]
[278, 116.246581167, 39.7388167389]
[279, 116.258250964, 39.7388918938]
[280, 116.269920805, 39.7389658757]
[281, 116.281590689, 39.7390386847]
[282, 116.293260614, 39.7391103206]
[283, 116.304930581, 39.7391807835]
[284, 116.316600589, 39.7392500733]
[285, 116.328270636, 39.7393181901]
[286, 116.339940723, 39.7393851339]
[287, 116.351610849, 39.7394509045]
[288, 116.363281013, 39.7395155021]
[289, 116.374951214, 39.7395789265]
[290, 116.386621451, 39.7396411779]
[291, 116.398291724, 39.7397022561]
[292, 116.409962033, 39.7397621612]
[293, 116.421632376, 39.7398208932]
[294, 116.433302753, 39.739878452]
[295, 116.444973163, 39.7399348376]
[296, 116.456643606, 39.7399900501]
[297, 116.468314081, 39.7400440893]
[298, 116.479984586, 39.7400969554]
[299, 116.491655122, 39.7401486483]
[300, 116.503325688, 39.740199168]
[301, 116.514996283, 39.7402485144]
[318, 116.094760182, 39.746742066]
[319, 116.106430872, 39.7468324974]
[320, 116.118101614, 39.7469217555]
[321, 116.129772408, 39.7470098404]
[322, 116.141443253, 39.7470967522]
[323, 116.153114148, 39.7471824907]
[324, 116.164785093, 39.7472670559]
[325, 116.176456087, 39.7473504479]
[326, 116.188127129, 39.7474326667]
[327, 116.199798218, 39.7475137121]
[328, 116.211469355, 39.7475935843]
[329, 116.223140537, 39.7476722831]
[330, 116.234811765, 39.7477498086]
[331, 116.246483038, 39.7478261608]
[332, 116.258154355, 39.7479013396]
[333, 116.269825715, 39.7479753451]
[334, 116.281497119, 39.7480481772]
[335, 116.293168564, 39.7481198359]
[336, 116.304840051, 39.7481903212]
[337, 116.316511578, 39.748259633]
[338, 116.328183145, 39.7483277715]
[339, 116.339854752, 39.7483947365]
[340, 116.351526397, 39.748460528]
[341, 116.363198081, 39.7485251461]
[342, 116.374869801, 39.7485885907]
[343, 116.386541559, 39.7486508619]
[344, 116.398213352, 39.7487119595]
[345, 116.40988518, 39.7487718837]
[346, 116.421557043, 39.7488306343]
[347, 116.43322894, 39.7488882114]
[348, 116.44490087, 39.7489446149]
[349, 116.456572833, 39.7489998449]
[350, 116.468244827, 39.7490539014]
[351, 116.479916853, 39.7491067843]
[352, 116.491588909, 39.7491584936]
[353, 116.503260995, 39.7492090293]
[354, 116.51493311, 39.7492583915]
[355, 116.526605253, 39.74930658]
[356, 116.538277424, 39.749353595]
[357, 116.549949622, 39.7493994363]
[372, 116.106314457, 39.7558415893]
[373, 116.11798672, 39.7559308758]
[374, 116.129659034, 39.7560189887]
[375, 116.141331399, 39.7561059281]
[376, 116.153003814, 39.7561916938]
[377, 116.164676279, 39.756276286]
[378, 116.176348793, 39.7563597045]
[379, 116.188021355, 39.7564419493]
[380, 116.199693964, 39.7565230206]
[381, 116.211366621, 39.7566029181]
[382, 116.223039324, 39.7566816419]
[383, 116.234712072, 39.7567591921]
[384, 116.246384865, 39.7568355685]
[385, 116.258057702, 39.7569107713]
[386, 116.269730583, 39.7569848002]
[387, 116.281403507, 39.7570576555]
[388, 116.293076472, 39.7571293369]
[389, 116.304749479, 39.7571998446]
[390, 116.316422527, 39.7572691785]
[391, 116.328095615, 39.7573373386]
[392, 116.339768742, 39.7574043249]
[393, 116.351441908, 39.7574701374]
[394, 116.363115111, 39.757534776]
[395, 116.374788353, 39.7575982408]
[396, 116.38646163, 39.7576605317]
[397, 116.398134944, 39.7577216488]
[398, 116.409808293, 39.757781592]
[399, 116.421481677, 39.7578403612]
[400, 116.433155094, 39.7578979566]
[401, 116.444828545, 39.7579543781]
[402, 116.456502028, 39.7580096257]
[403, 116.468175543, 39.7580636993]
[404, 116.479849089, 39.758116599]
[405, 116.491522666, 39.7581683248]
[406, 116.503196272, 39.7582188766]
[407, 116.514869908, 39.7582682544]
[408, 116.526543572, 39.7583164583]
[409, 116.538217263, 39.7583634881]
[410, 116.549890982, 39.758409344]
[411, 116.561564727, 39.7584540259]
[412, 116.573238498, 39.7584975338]
[413, 116.584912294, 39.7585398677]
[425, 116.106197991, 39.7648506669]
[426, 116.117871774, 39.7649399818]
[427, 116.129545608, 39.7650281227]
[428, 116.141219494, 39.7651150897]
[429, 116.15289343, 39.7652008827]
[430, 116.164567416, 39.7652855017]
[431, 116.17624145, 39.7653689467]
[432, 116.187915533, 39.7654512178]
[433, 116.199589664, 39.7655323147]
[434, 116.211263841, 39.7656122377]
[435, 116.222938065, 39.7656909865]
[436, 116.234612334, 39.7657685613]
[437, 116.246286648, 39.765844962]
[438, 116.257961006, 39.7659201887]
[439, 116.269635408, 39.7659942412]
[440, 116.281309852, 39.7660671195]
[441, 116.292984339, 39.7661388238]
[442, 116.304658867, 39.7662093539]
[443, 116.316333436, 39.7662787098]
[444, 116.328008045, 39.7663468916]
[445, 116.339682693, 39.7664138992]
[446, 116.35135738, 39.7664797325]
[447, 116.363032105, 39.7665443917]
[448, 116.374706867, 39.7666078767]
[449, 116.386381666, 39.7666701874]
[450, 116.398056501, 39.7667313239]
[451, 116.409731371, 39.7667912861]
[452, 116.421406276, 39.7668500741]
[453, 116.433081215, 39.7669076878]
[454, 116.444756187, 39.7669641272]
[455, 116.456431191, 39.7670193923]
[456, 116.468106227, 39.7670734831]
[457, 116.479781295, 39.7671263996]
[458, 116.491456393, 39.7671781418]
[459, 116.503131521, 39.7672287097]
[460, 116.514806677, 39.7672781032]
[461, 116.526481863, 39.7673263224]
[462, 116.538157076, 39.7673733672]
[463, 116.549832316, 39.7674192377]
[464, 116.561507583, 39.7674639338]
[465, 116.573182875, 39.7675074555]
[466, 116.584858192, 39.7675498028]
[467, 116.596533534, 39.7675909757]
[468, 116.608208899, 39.7676309742]
[478, 116.106081472, 39.7738597302]
[479, 116.117756776, 39.7739490735]
[480, 116.129432132, 39.7740372424]
[481, 116.141107539, 39.774124237]
[482, 116.152782997, 39.7742100573]
[483, 116.164458504, 39.7742947032]
[484, 116.17613406, 39.7743781748]
[485, 116.187809664, 39.7744604719]
[486, 116.199485316, 39.7745415946]
[487, 116.211161015, 39.774621543]
[488, 116.22283676, 39.7747003169]
[489, 116.234512551, 39.7747779163]
[490, 116.246188387, 39.7748543413]
[491, 116.257864267, 39.7749295918]
[492, 116.26954019, 39.7750036679]
[493, 116.281216156, 39.7750765694]
[494, 116.292892165, 39.7751482964]
[495, 116.304568214, 39.7752188489]
[496, 116.316244305, 39.7752882269]
[497, 116.327920435, 39.7753564304]
[498, 116.339596605, 39.7754234592]
[499, 116.351272814, 39.7754893135]
[500, 116.362949061, 39.7755539932]
[501, 116.374625345, 39.7756174984]
[502, 116.386301666, 39.7756798289]
[503, 116.397978023, 39.7757409848]
[504, 116.409654415, 39.7758009661]
[505, 116.421330841, 39.7758597727]
[506, 116.433007302, 39.7759174047]
[507, 116.444683796, 39.7759738621]
[508, 116.456360322, 39.7760291448]
[509, 116.468036881, 39.7760832528]
[510, 116.47971347, 39.7761361861]
[511, 116.49139009, 39.7761879447]
[512, 116.50306674, 39.7762385287]
[513, 116.514743419, 39.7762879379]
[514, 116.526420126, 39.7763361724]
[515, 116.538096861, 39.7763832322]
[516, 116.549773624, 39.7764291172]
[517, 116.561450412, 39.7764738275]
[518, 116.573127227, 39.776517363]
[519, 116.584804066, 39.7765597238]
[520, 116.59648093, 39.7766009098]
[521, 116.608157817, 39.7766409211]
[532, 116.117641727, 39.7829581509]
[533, 116.129318605, 39.7830463478]
[534, 116.140995534, 39.7831333701]
[535, 116.152672513, 39.7832192176]
[536, 116.164349543, 39.7833038904]
[537, 116.176026621, 39.7833873885]
[538, 116.187703748, 39.7834697118]
[539, 116.199380922, 39.7835508603]
[540, 116.211058143, 39.783630834]
[541, 116.22273541, 39.783709633]
[542, 116.234412724, 39.7837872571]
[543, 116.246090081, 39.7838637063]
[544, 116.257767484, 39.7839389808]
[545, 116.269444929, 39.7840130804]
[546, 116.281122418, 39.7840860051]
[547, 116.292799949, 39.7841577549]
[548, 116.304477521, 39.7842283298]
[549, 116.316155134, 39.7842977298]
[550, 116.327832787, 39.7843659549]
[551, 116.339510479, 39.7844330051]
[552, 116.35118821, 39.7844988803]
[553, 116.36286598, 39.7845635806]
[554, 116.374543786, 39.7846271059]
[555, 116.38622163, 39.7846894562]
[556, 116.397899509, 39.7847506316]
[557, 116.409577424, 39.7848106319]
[558, 116.421255373, 39.7848694573]
[559, 116.432933356, 39.7849271076]
[560, 116.444611373, 39.7849835829]
[561, 116.456289422, 39.7850388831]
[562, 116.467967503, 39.7850930083]
[563, 116.479645615, 39.7851459585]
[564, 116.491323758, 39.7851977336]
[565, 116.50300193, 39.7852483336]
[566, 116.514680132, 39.7852977585]
[567, 116.526358362, 39.7853460083]
[568, 116.53803662, 39.785393083]
[569, 116.549714905, 39.7854389826]
[570, 116.561393216, 39.7854837071]
[571, 116.573071553, 39.7855272565]
[572, 116.584749915, 39.7855696308]
[573, 116.596428302, 39.7856108299]
[574, 116.608106712, 39.7856508538]
[585, 116.117526625, 39.791967214]
[586, 116.129205026, 39.7920554389]
[587, 116.140883478, 39.7921424888]
[588, 116.152561981, 39.7922283637]
[589, 116.164240533, 39.7923130634]
[590, 116.175919134, 39.7923965879]
[591, 116.187597783, 39.7924789374]
[592, 116.19927648, 39.7925601117]
[593, 116.210955225, 39.7926401108]
[594, 116.222634015, 39.7927189348]
[595, 116.234312851, 39.7927965836]
[596, 116.245991732, 39.7928730572]
[597, 116.257670657, 39.7929483555]
[598, 116.269349626, 39.7930224786]
[599, 116.281028637, 39.7930954265]
[600, 116.292707691, 39.7931671991]
[601, 116.304386786, 39.7932377965]
[602, 116.316065922, 39.7933072185]
[603, 116.327745099, 39.7933754653]
[604, 116.339424314, 39.7934425368]
[605, 116.351103569, 39.793508433]
[606, 116.362782861, 39.7935731538]
[607, 116.374462191, 39.7936366993]
[608, 116.386141558, 39.7936990694]
[609, 116.39782096, 39.7937602642]
[610, 116.409500398, 39.7938202836]
[611, 116.421179871, 39.7938791276]
[612, 116.432859377, 39.7939367963]
[613, 116.444538917, 39.7939932895]
[614, 116.456218489, 39.7940486073]
[615, 116.467898094, 39.7941027497]
[616, 116.479577729, 39.7941557167]
[617, 116.491257395, 39.7942075082]
[618, 116.502937091, 39.7942581243]
[619, 116.514616816, 39.7943075649]
[620, 116.52629657, 39.7943558301]
[621, 116.537976351, 39.7944029198]
[622, 116.549656159, 39.794448834]
[623, 116.561335994, 39.7944935727]
[624, 116.573015855, 39.7945371359]
[625, 116.584695741, 39.7945795236]
[626, 116.596375651, 39.7946207358]
[627, 116.608055584, 39.7946607725]
[628, 116.619735541, 39.7946996336]
[638, 116.117411472, 39.8009762627]
[639, 116.129091397, 39.8010645157]
[640, 116.140771372, 39.8011515933]
[641, 116.152451398, 39.8012374954]
[642, 116.164131474, 39.801322222]
[643, 116.175811598, 39.8014057731]
[644, 116.187491771, 39.8014881488]
[645, 116.199171992, 39.8015693489]
[646, 116.21085226, 39.8016493734]
[647, 116.222532574, 39.8017282224]
[648, 116.234212933, 39.8018058959]
[649, 116.245893338, 39.8018823937]
[650, 116.257573787, 39.801957716]
[651, 116.269254279, 39.8020318627]
[652, 116.280934815, 39.8021048337]
[653, 116.292615392, 39.8021766291]
[654, 116.304296011, 39.8022472489]
[655, 116.315976671, 39.8023166931]
[656, 116.327657371, 39.8023849615]
[657, 116.33933811, 39.8024520543]
[658, 116.351018889, 39.8025179714]
[659, 116.362699705, 39.8025827128]
[660, 116.374380559, 39.8026462785]
[661, 116.386061449, 39.8027086684]
[662, 116.397742376, 39.8027698827]
[663, 116.409423338, 39.8028299211]
[664, 116.421104334, 39.8028887839]
[665, 116.432785365, 39.8029464708]
[666, 116.444466428, 39.803002982]
[667, 116.456147525, 39.8030583174]
[668, 116.467828653, 39.803112477]
[669, 116.479509813, 39.8031654608]
[670, 116.491191003, 39.8032172688]
[671, 116.502872223, 39.803267901]
[672, 116.514553472, 39.8033173573]
[673, 116.52623475, 39.8033656378]
[674, 116.537916055, 39.8034127424]
[675, 116.549597388, 39.8034586712]
[676, 116.561278747, 39.8035034242]
[677, 116.572960132, 39.8035470012]
[678, 116.584641541, 39.8035894024]
[679, 116.596322976, 39.8036306277]
[680, 116.608004433, 39.8036706771]
[681, 116.619685914, 39.8037095506]
[682, 116.631367418, 39.8037472481]
[691, 116.117296268, 39.8099852972]
[692, 116.128977716, 39.8100735782]
[693, 116.140659216, 39.8101606835]
[694, 116.152340766, 39.8102466129]
[695, 116.164022366, 39.8103313664]
[696, 116.175704014, 39.8104149441]
[697, 116.187385712, 39.8104973458]
[698, 116.199067457, 39.8105785717]
[699, 116.210749249, 39.8106586217]
[700, 116.222431087, 39.8107374958]
[701, 116.234112971, 39.8108151939]
[702, 116.2457949, 39.8108917161]
[703, 116.257476873, 39.8109670623]
[704, 116.26915889, 39.8110412325]
[705, 116.28084095, 39.8111142267]
[706, 116.292523052, 39.811186045]
[707, 116.304205195, 39.8112566872]
[708, 116.315887379, 39.8113261534]
[709, 116.327569604, 39.8113944435]
[710, 116.339251868, 39.8114615576]
[711, 116.350934171, 39.8115274957]
[712, 116.362616512, 39.8115922576]
[713, 116.37429889, 39.8116558435]
[714, 116.385981305, 39.8117182533]
[715, 116.397663756, 39.811779487]
[716, 116.409346243, 39.8118395445]
[717, 116.421028764, 39.8118984259]
[718, 116.432711319, 39.8119561312]
[719, 116.444393907, 39.8120126604]
[720, 116.456076529, 39.8120680133]
[721, 116.467759182, 39.8121221901]
[722, 116.479441866, 39.8121751908]
[723, 116.491124581, 39.8122270152]
[724, 116.502807326, 39.8122776635]
[725, 116.514490099, 39.8123271355]
[726, 116.526172902, 39.8123754314]
[727, 116.537855732, 39.812422551]
[728, 116.54953859, 39.8124684944]
[729, 116.561221473, 39.8125132615]
[730, 116.572904383, 39.8125568524]
[731, 116.584587318, 39.812599267]
[732, 116.596270277, 39.8126405054]
[733, 116.60795326, 39.8126805676]
[734, 116.619636265, 39.8127194534]
[735, 116.631319294, 39.812757163]
[736, 116.643002343, 39.8127936962]
[744, 116.117181011, 39.8189943173]
[745, 116.128863984, 39.8190826264]
[746, 116.140547009, 39.8191697593]
[747, 116.152230084, 39.819255716]
[748, 116.163913208, 39.8193404965]
[749, 116.175596382, 39.8194241007]
[750, 116.187279604, 39.8195065287]
[751, 116.198962874, 39.8195877804]
[752, 116.210646191, 39.8196678558]
[753, 116.222329554, 39.8197467549]
[754, 116.234012963, 39.8198244777]
[755, 116.245696417, 39.8199010242]
[756, 116.257379916, 39.8199763943]
[757, 116.269063458, 39.8200505881]
[758, 116.280747042, 39.8201236055]
[759, 116.29243067, 39.8201954466]
[760, 116.304114338, 39.8202661112]
[761, 116.315798048, 39.8203355995]
[762, 116.327481797, 39.8204039113]
[763, 116.339165587, 39.8204710468]
[764, 116.350849415, 39.8205370057]
[765, 116.362533281, 39.8206017883]
[766, 116.374217184, 39.8206653944]
[767, 116.385901125, 39.820727824]
[768, 116.397585101, 39.8207890771]
[769, 116.409269113, 39.8208491537]
[770, 116.420953159, 39.8209080539]
[771, 116.43263724, 39.8209657775]
[772, 116.444321354, 39.8210223246]
[773, 116.4560055, 39.8210776951]
[774, 116.467689679, 39.8211318892]
[775, 116.479373888, 39.8211849066]
[776, 116.491058129, 39.8212367475]
[777, 116.502742399, 39.8212874119]
[778, 116.514426698, 39.8213368996]
[779, 116.526111026, 39.8213852108]
[780, 116.537795382, 39.8214323454]
[781, 116.549479765, 39.8214783034]
[782, 116.561164174, 39.8215230847]
[783, 116.572848609, 39.8215666895]
[784, 116.58453307, 39.8216091176]
[785, 116.596217554, 39.8216503691]
[786, 116.607902063, 39.821690444]
[787, 116.619586594, 39.8217293422]
[788, 116.631271148, 39.8217670637]
[789, 116.642955723, 39.8218036086]
[790, 116.65464032, 39.8218389768]
[797, 116.117065703, 39.8280033232]
[798, 116.128750202, 39.8280916603]
[799, 116.140434751, 39.8281788209]
[800, 116.152119352, 39.8282648049]
[801, 116.163804002, 39.8283496123]
[802, 116.175488701, 39.8284332431]
[803, 116.187173449, 39.8285156972]
[804, 116.198858245, 39.8285969747]
[805, 116.210543087, 39.8286770756]
[806, 116.222227976, 39.8287559998]
[807, 116.233912911, 39.8288337472]
[808, 116.245597891, 39.828910318]
[809, 116.257282915, 39.8289857121]
[810, 116.268967982, 39.8290599295]
[811, 116.280653093, 39.8291329701]
[812, 116.292338246, 39.829204834]
[813, 116.30402344, 39.8292755211]
[814, 116.315708676, 39.8293450314]
[815, 116.327393951, 39.829413365]
[816, 116.339079267, 39.8294805217]
[817, 116.35076462, 39.8295465016]
[818, 116.362450013, 39.8296113048]
[819, 116.374135442, 39.829674931]
[820, 116.385820908, 39.8297373805]
[821, 116.397506411, 39.8297986531]
[822, 116.409191949, 39.8298587488]
[823, 116.420877521, 39.8299176676]
[824, 116.432563128, 39.8299754096]
[825, 116.444248768, 39.8300319746]
[826, 116.45593444, 39.8300873628]
[827, 116.467620145, 39.830141574]
[828, 116.47930588, 39.8301946083]
[829, 116.490991647, 39.8302464657]
[830, 116.502677443, 39.8302971462]
[831, 116.514363269, 39.8303466496]
[832, 116.526049123, 39.8303949762]
[833, 116.537735005, 39.8304421257]
[834, 116.549420914, 39.8304880983]
[835, 116.561106849, 39.8305328939]
[836, 116.572792811, 39.8305765125]
[837, 116.584478797, 39.8306189541]
[838, 116.596164808, 39.8306602187]
[839, 116.607850843, 39.8307003063]
[840, 116.6195369, 39.8307392168]
[841, 116.63122298, 39.8307769504]
[842, 116.642909082, 39.8308135068]
[843, 116.654595205, 39.8308488863]
[844, 116.666281348, 39.8308830887]
[850, 116.116950343, 39.8370123147]
[851, 116.128636367, 39.8371006799]
[852, 116.140322444, 39.8371878682]
[853, 116.15200857, 39.8372738795]
[854, 116.163694747, 39.8373587138]
[855, 116.175380972, 39.8374423712]
[856, 116.187067246, 39.8375248515]
[857, 116.198753568, 39.8376061548]
[858, 116.210439937, 39.8376862811]
[859, 116.222126353, 39.8377652304]
[860, 116.233812814, 39.8378430026]
[861, 116.24549932, 39.8379195977]
[862, 116.25718587, 39.8379950157]
[863, 116.268872464, 39.8380692566]
[864, 116.280559101, 39.8381423205]
[865, 116.292245781, 39.8382142072]
[866, 116.303932502, 39.8382849167]
[867, 116.315619264, 39.8383544491]
[868, 116.327306066, 39.8384228044]
[869, 116.338992908, 39.8384899825]
[870, 116.350679788, 39.8385559834]
[871, 116.362366707, 39.8386208071]
[872, 116.374053663, 39.8386844535]
[873, 116.385740656, 39.8387469228]
[874, 116.397427685, 39.8388082149]
[875, 116.40911475, 39.8388683297]
[876, 116.420801849, 39.8389272672]
[877, 116.432488982, 39.8389850275]
[878, 116.444176149, 39.8390416106]
[879, 116.455863348, 39.8390970163]
[880, 116.467550579, 39.8391512448]
[881, 116.479237842, 39.8392042959]
[882, 116.490925135, 39.8392561698]
[883, 116.502612458, 39.8393068663]
[884, 116.514299811, 39.8393563855]
[885, 116.525987192, 39.8394047274]
[886, 116.5376746, 39.8394518919]
[887, 116.549362036, 39.8394978791]
[888, 116.561049499, 39.8395426889]
[889, 116.572736987, 39.8395863214]
[890, 116.5844245, 39.8396287765]
[891, 116.596112038, 39.8396700542]
[892, 116.6077996, 39.8397101545]
[893, 116.619487184, 39.8397490774]
[894, 116.631174791, 39.8397868229]
[895, 116.64286242, 39.839823391]
[896, 116.65455007, 39.8398587817]
[897, 116.66623774, 39.839892995]
[898, 116.677925429, 39.8399260308]
[904, 116.128522482, 39.8461096852]
[905, 116.140210085, 39.8461969012]
[906, 116.151897739, 39.8462829398]
[907, 116.163585442, 39.8463678011]
[908, 116.175273195, 39.846451485]
[909, 116.186960996, 39.8465339915]
[910, 116.198648845, 39.8466153207]
[911, 116.210336741, 39.8466954724]
[912, 116.222024683, 39.8467744467]
[913, 116.233712671, 39.8468522436]
[914, 116.245400704, 39.8469288631]
[915, 116.257088782, 39.8470043051]
[916, 116.268776903, 39.8470785696]
[917, 116.280465067, 39.8471516566]
[918, 116.292153274, 39.8472235661]
[919, 116.303841522, 39.8472942981]
[920, 116.315529811, 39.8473638526]
[921, 116.327218141, 39.8474322296]
[922, 116.33890651, 39.847499429]
[923, 116.350594918, 39.8475654509]
[924, 116.362283364, 39.8476302952]
[925, 116.373971847, 39.8476939619]
[926, 116.385660367, 39.847756451]
[927, 116.397348924, 39.8478177625]
[928, 116.409037516, 39.8478778964]
[929, 116.420726142, 39.8479368527]
[930, 116.432414803, 39.8479946313]
[931, 116.444103497, 39.8480512323]
[932, 116.455792224, 39.8481066557]
[933, 116.467480983, 39.8481609014]
[934, 116.479169773, 39.8482139694]
[935, 116.490858593, 39.8482658597]
[936, 116.502547444, 39.8483165723]
[937, 116.514236324, 39.8483661073]
[938, 116.525925232, 39.8484144645]
[939, 116.537614169, 39.848461644]
[940, 116.549303132, 39.8485076458]
[941, 116.560992122, 39.8485524699]
[942, 116.572681138, 39.8485961162]
[943, 116.584370179, 39.8486385848]
[944, 116.596059245, 39.8486798756]
[945, 116.607748334, 39.8487199886]
[946, 116.619437446, 39.8487589239]
[947, 116.631126581, 39.8487966814]
[948, 116.642815737, 39.8488332611]
[949, 116.654504914, 39.8488686631]
[950, 116.666194112, 39.8489028872]
[951, 116.677883329, 39.8489359335]
[957, 116.128408546, 39.8551186762]
[958, 116.140097676, 39.8552059199]
[959, 116.151786857, 39.8552919858]
[960, 116.163476088, 39.855376874]
[961, 116.175165369, 39.8554605845]
[962, 116.186854697, 39.8555431173]
[963, 116.198544074, 39.8556244722]
[964, 116.210233498, 39.8557046494]
[965, 116.221922968, 39.8557836488]
[966, 116.233612484, 39.8558614704]
[967, 116.245302045, 39.8559381142]
[968, 116.25699165, 39.8560135802]
[969, 116.268681299, 39.8560878683]
[970, 116.280370991, 39.8561609785]
[971, 116.292060726, 39.8562329109]
[972, 116.303750502, 39.8563036654]
[973, 116.315440319, 39.856373242]
[974, 116.327130176, 39.8564416406]
[975, 116.338820073, 39.8565088614]
[976, 116.350510009, 39.8565749042]
[977, 116.362199983, 39.8566397691]
[978, 116.373889994, 39.856703456]
[979, 116.385580043, 39.856765965]
[980, 116.397270127, 39.856827296]
[981, 116.408960247, 39.856887449]
[982, 116.420650402, 39.856946424]
[983, 116.432340591, 39.857004221]
[984, 116.444030813, 39.85706084]
[985, 116.455721068, 39.8571162809]
[986, 116.467411355, 39.8571705438]
[987, 116.479101673, 39.8572236287]
[988, 116.490792022, 39.8572755355]
[989, 116.502482401, 39.8573262643]
[990, 116.514172809, 39.8573758149]
[991, 116.525863245, 39.8574241875]
[992, 116.53755371, 39.857471382]
[993, 116.549244202, 39.8575173984]
[994, 116.56093472, 39.8575622367]
[995, 116.572625264, 39.8576058969]
[996, 116.584315833, 39.8576483789]
[997, 116.596006427, 39.8576896829]
[998, 116.607697045, 39.8577298087]
[999, 116.619387685, 39.8577687563]
[1000, 116.631078348, 39.8578065258]
[1001, 116.642769033, 39.8578431171]
[1002, 116.654459739, 39.8578785303]
[1003, 116.666150465, 39.8579127653]
[1004, 116.67784121, 39.8579458222]
[1005, 116.689531975, 39.8579777008]
[1011, 116.139985217, 39.8642149243]
[1012, 116.151675926, 39.8643010175]
[1013, 116.163366685, 39.8643859327]
[1014, 116.175057494, 39.8644696698]
[1015, 116.186748351, 39.8645522287]
[1016, 116.198439256, 39.8646336096]
[1017, 116.210130208, 39.8647138122]
[1018, 116.221821207, 39.8647928367]
[1019, 116.233512251, 39.864870683]
[1020, 116.24520334, 39.8649473511]
[1021, 116.256894474, 39.8650228411]
[1022, 116.268585652, 39.8650971527]
[1023, 116.280276873, 39.8651702862]
[1024, 116.291968136, 39.8652422414]
[1025, 116.30365944, 39.8653130184]
[1026, 116.315350786, 39.8653826171]
[1027, 116.327042172, 39.8654510375]
[1028, 116.338733597, 39.8655182796]
[1029, 116.350425062, 39.8655843434]
[1030, 116.362116565, 39.8656492289]
[1031, 116.373808105, 39.865712936]
[1032, 116.385499682, 39.8657754648]
[1033, 116.397191295, 39.8658368153]
[1034, 116.408882944, 39.8658969874]
[1035, 116.420574627, 39.8659559811]
[1036, 116.432266345, 39.8660137965]
[1037, 116.443958096, 39.8660704335]
[1038, 116.45564988, 39.866125892]
[1039, 116.467341695, 39.8661801722]
[1040, 116.479033542, 39.8662332739]
[1041, 116.49072542, 39.8662851972]
[1042, 116.502417328, 39.866335942]
[1043, 116.514109265, 39.8663855084]
[1044, 116.52580123, 39.8664338964]
[1045, 116.537493224, 39.8664811059]
[1046, 116.549185245, 39.8665271369]
[1047, 116.560877292, 39.8665719894]
[1048, 116.572569365, 39.8666156635]
[1049, 116.584261463, 39.866658159]
[1050, 116.595953586, 39.8666994761]
[1051, 116.607645733, 39.8667396146]
[1052, 116.619337902, 39.8667785746]
[1053, 116.631030094, 39.8668163561]
[1054, 116.642722308, 39.8668529591]
[1055, 116.654414543, 39.8668883835]
[1056, 116.666106798, 39.8669226294]
[1057, 116.677799072, 39.8669556967]
[1058, 116.689491366, 39.8669875855]
[1064, 116.139872706, 39.8732239143]
[1065, 116.151564945, 39.873310035]
[1066, 116.163257233, 39.8733949771]
[1067, 116.174949571, 39.8734787408]
[1068, 116.186641957, 39.8735613259]
[1069, 116.198334391, 39.8736427326]
[1070, 116.210026872, 39.8737229607]
[1071, 116.2217194, 39.8738020103]
[1072, 116.233411973, 39.8738798814]
[1073, 116.245104592, 39.8739565738]
[1074, 116.256797255, 39.8740320877]
[1075, 116.268489962, 39.874106423]
[1076, 116.280182712, 39.8741795797]
[1077, 116.291875504, 39.8742515577]
[1078, 116.303568338, 39.8743223572]
[1079, 116.315261213, 39.874391978]
[1080, 116.326954128, 39.8744604201]
[1081, 116.338647083, 39.8745276836]
[1082, 116.350340077, 39.8745937683]
[1083, 116.362033109, 39.8746586744]
[1084, 116.373726178, 39.8747224018]
[1085, 116.385419285, 39.8747849505]
[1086, 116.397112427, 39.8748463204]
[1087, 116.408805606, 39.8749065117]
[1088, 116.420498819, 39.8749655241]
[1089, 116.432192066, 39.8750233578]
[1090, 116.443885346, 39.8750800128]
[1091, 116.455578659, 39.875135489]
[1092, 116.467272005, 39.8751897863]
[1093, 116.478965381, 39.8752429049]
[1094, 116.490658789, 39.8752948447]
[1095, 116.502352226, 39.8753456057]
[1096, 116.514045692, 39.8753951878]
[1097, 116.525739188, 39.8754435912]
[1098, 116.537432711, 39.8754908156]
[1099, 116.549126261, 39.8755368613]
[1100, 116.560819838, 39.8755817281]
[1101, 116.572513441, 39.875625416]
[1102, 116.584207069, 39.875667925]
[1103, 116.595900721, 39.8757092552]
[1104, 116.607594397, 39.8757494065]
[1105, 116.619288097, 39.8757883789]
[1106, 116.630981818, 39.8758261723]
[1107, 116.642675562, 39.8758627869]
[1108, 116.654369326, 39.8758982226]
[1109, 116.666063111, 39.8759324794]
[1110, 116.677756915, 39.8759655572]
[1111, 116.689450739, 39.8759974561]
[1112, 116.701144581, 39.8760281761]
[1118, 116.151453914, 39.8823190381]
[1119, 116.163147732, 39.8824040072]
[1120, 116.174841599, 39.8824877975]
[1121, 116.186535515, 39.8825704089]
[1122, 116.198229479, 39.8826518414]
[1123, 116.20992349, 39.882732095]
[1124, 116.221617547, 39.8828111697]
[1125, 116.23331165, 39.8828890654]
[1126, 116.245005799, 39.8829657823]
[1127, 116.256699992, 39.8830413201]
[1128, 116.268394229, 39.883115679]
[1129, 116.280088508, 39.8831888589]
[1130, 116.291782831, 39.8832608599]
[1131, 116.303477194, 39.8833316818]
[1132, 116.315171599, 39.8834013247]
[1133, 116.326866045, 39.8834697885]
[1134, 116.338560529, 39.8835370734]
[1135, 116.350255053, 39.8836031791]
[1136, 116.361949615, 39.8836681058]
[1137, 116.373644215, 39.8837318535]
[1138, 116.385338852, 39.883794422]
[1139, 116.397033524, 39.8838558114]
[1140, 116.408728233, 39.8839160218]
[1141, 116.420422976, 39.883975053]
[1142, 116.432117753, 39.884032905]
[1143, 116.443812564, 39.884089578]
[1144, 116.455507407, 39.8841450718]
[1145, 116.467202283, 39.8841993864]
[1146, 116.478897189, 39.8842525219]
[1147, 116.490592127, 39.8843044781]
[1148, 116.502287095, 39.8843552552]
[1149, 116.513982091, 39.8844048531]
[1150, 116.525677117, 39.8844532718]
[1151, 116.53737217, 39.8845005113]
[1152, 116.549067251, 39.8845465715]
[1153, 116.560762358, 39.8845914526]
[1154, 116.572457491, 39.8846351544]
[1155, 116.58415265, 39.8846776769]
[1156, 116.595847832, 39.8847190202]
[1157, 116.607543039, 39.8847591842]
[1158, 116.619238269, 39.884798169]
[1159, 116.630933521, 39.8848359745]
[1160, 116.642628795, 39.8848726007]
[1161, 116.654324089, 39.8849080476]
[1162, 116.666019405, 39.8849423153]
[1163, 116.67771474, 39.8849754036]
[1164, 116.689410093, 39.8850073126]
[1165, 116.701105466, 39.8850380424]
[1171, 116.151342833, 39.8913280269]
[1172, 116.163038181, 39.891413023]
[1173, 116.174733579, 39.8914968399]
[1174, 116.186429025, 39.8915794775]
[1175, 116.198124519, 39.8916609359]
[1176, 116.209820061, 39.891741215]
[1177, 116.221515649, 39.8918203148]
[1178, 116.233211282, 39.8918982353]
[1179, 116.244906961, 39.8919749765]
[1180, 116.256602685, 39.8920505383]
[1181, 116.268298452, 39.8921249208]
[1182, 116.279994263, 39.892198124]
[1183, 116.291690115, 39.8922701478]
[1184, 116.30338601, 39.8923409922]
[1185, 116.315081946, 39.8924106572]
[1186, 116.326777922, 39.8924791428]
[1187, 116.338473937, 39.892546449]
[1188, 116.350169992, 39.8926125757]
[1189, 116.361866085, 39.892677523]
[1190, 116.373562215, 39.8927412909]
[1191, 116.385258382, 39.8928038793]
[1192, 116.396954586, 39.8928652882]
[1193, 116.408650825, 39.8929255177]
[1194, 116.420347099, 39.8929845676]
[1195, 116.432043407, 39.8930424381]
[1196, 116.443739748, 39.893099129]
[1197, 116.455436123, 39.8931546404]
[1198, 116.467132529, 39.8932089723]
[1199, 116.478828967, 39.8932621246]
[1200, 116.490525435, 39.8933140974]
[1201, 116.502221934, 39.8933648906]
[1202, 116.513918462, 39.8934145043]
[1203, 116.525615018, 39.8934629383]
[1204, 116.537311603, 39.8935101928]
[1205, 116.549008214, 39.8935562677]
[1206, 116.560704852, 39.893601163]
[1207, 116.572401517, 39.8936448786]
[1208, 116.584098206, 39.8936874147]
[1209, 116.59579492, 39.8937287711]
[1210, 116.607491657, 39.8937689479]
[1211, 116.619188418, 39.893807945]
[1212, 116.630885201, 39.8938457625]
[1213, 116.642582006, 39.8938824004]
[1214, 116.654278832, 39.8939178586]
[1215, 116.665975679, 39.8939521371]
[1216, 116.677672545, 39.8939852359]
[1217, 116.68936943, 39.8940171551]
[1218, 116.701066333, 39.8940478946]
[1224, 116.151231702, 39.9003370015]
[1225, 116.162928581, 39.9004220246]
[1226, 116.17462551, 39.9005058681]
[1227, 116.186322487, 39.9005885319]
[1228, 116.198019512, 39.9006700161]
[1229, 116.209716585, 39.9007503207]
[1230, 116.221413704, 39.9008294456]
[1231, 116.233110869, 39.9009073909]
[1232, 116.24480808, 39.9009841564]
[1233, 116.256505334, 39.9010597423]
[1234, 116.268202633, 39.9011341484]
[1235, 116.279899975, 39.9012073748]
[1236, 116.291597359, 39.9012794214]
[1237, 116.303294785, 39.9013502883]
[1238, 116.314992251, 39.9014199755]
[1239, 116.326689759, 39.9014884828]
[1240, 116.338387306, 39.9015558104]
[1241, 116.350084892, 39.9016219581]
[1242, 116.361782516, 39.9016869261]
[1243, 116.373480178, 39.9017507142]
[1244, 116.385177877, 39.9018133224]
[1245, 116.396875612, 39.9018747509]
[1246, 116.408573382, 39.9019349994]
[1247, 116.420271188, 39.9019940682]
[1248, 116.431969027, 39.902051957]
[1249, 116.4436669, 39.9021086659]
[1250, 116.455364806, 39.9021641949]
[1251, 116.467062744, 39.9022185441]
[1252, 116.478760714, 39.9022717133]
[1253, 116.490458714, 39.9023237026]
[1254, 116.502156744, 39.9023745119]
[1255, 116.513854803, 39.9024241413]
[1256, 116.525552892, 39.9024725907]
[1257, 116.537251008, 39.9025198602]
[1258, 116.548949151, 39.9025659497]
[1259, 116.560647321, 39.9026108593]
[1260, 116.572345517, 39.9026545888]
[1261, 116.584043738, 39.9026971384]
[1262, 116.595741983, 39.9027385079]
[1263, 116.607440253, 39.9027786975]
[1264, 116.619138545, 39.902817707]
[1265, 116.63083686, 39.9028555365]
[1266, 116.642535197, 39.902892186]
[1267, 116.654233555, 39.9029276554]
[1268, 116.665931933, 39.9029619448]
[1269, 116.677630331, 39.9029950542]
[1270, 116.689328748, 39.9030269835]
[1271, 116.701027183, 39.9030577327]
[1276, 116.139422159, 39.9092597317]
[1277, 116.15112052, 39.9093459617]
[1278, 116.162818932, 39.9094310118]
[1279, 116.174517392, 39.9095148819]
[1280, 116.186215901, 39.909597572]
[1281, 116.197914459, 39.9096790821]
[1282, 116.209613063, 39.9097594122]
[1283, 116.221311714, 39.9098385622]
[1284, 116.233010411, 39.9099165322]
[1285, 116.244709153, 39.9099933221]
[1286, 116.25640794, 39.910068932]
[1287, 116.26810677, 39.9101433617]
[1288, 116.279805644, 39.9102166114]
[1289, 116.29150456, 39.9102886809]
[1290, 116.303203518, 39.9103595703]
[1291, 116.314902517, 39.9104292795]
[1292, 116.326601556, 39.9104978086]
[1293, 116.338300635, 39.9105651576]
[1294, 116.349999753, 39.9106313263]
[1295, 116.36169891, 39.9106963149]
[1296, 116.373398104, 39.9107601233]
[1297, 116.385097335, 39.9108227514]
[1298, 116.396796602, 39.9108841993]
[1299, 116.408495905, 39.910944467]
[1300, 116.420195243, 39.9110035545]
[1301, 116.431894614, 39.9110614617]
[1302, 116.44359402, 39.9111181886]
[1303, 116.455293458, 39.9111737353]
[1304, 116.466992928, 39.9112281017]
[1305, 116.47869243, 39.9112812878]
[1306, 116.490391962, 39.9113332936]
[1307, 116.502091525, 39.911384119]
[1308, 116.513791116, 39.9114337642]
[1309, 116.525490737, 39.911482229]
[1310, 116.537190385, 39.9115295135]
[1311, 116.548890061, 39.9115756177]
[1312, 116.560589763, 39.9116205415]
[1313, 116.572289492, 39.9116642849]
[1314, 116.583989245, 39.911706848]
[1315, 116.595689023, 39.9117482306]
[1316, 116.607388825, 39.9117884329]
[1317, 116.61908865, 39.9118274549]
[1318, 116.630788497, 39.9118652964]
[1319, 116.642488367, 39.9119019575]
[1320, 116.654188257, 39.9119374382]
[1321, 116.665888168, 39.9119717385]
[1322, 116.677588098, 39.9120048583]
[1323, 116.689288047, 39.9120367978]
[1324, 116.700988015, 39.9120675568]
[1329, 116.139309396, 39.9182686503]
[1330, 116.151009289, 39.9183549077]
[1331, 116.162709233, 39.9184399848]
[1332, 116.174409226, 39.9185238815]
[1333, 116.186109268, 39.9186065978]
[1334, 116.197809357, 39.9186881338]
[1335, 116.209509494, 39.9187684894]
[1336, 116.221209678, 39.9188476646]
[1337, 116.232909907, 39.9189256593]
[1338, 116.244610182, 39.9190024736]
[1339, 116.256310501, 39.9190781074]
[1340, 116.268010865, 39.9191525608]
[1341, 116.279711271, 39.9192258337]
[1342, 116.29141172, 39.9192979261]
[1343, 116.30311221, 39.919368838]
[1344, 116.314812742, 39.9194385694]
[1345, 116.326513314, 39.9195071203]
[1346, 116.338213926, 39.9195744906]
[1347, 116.349914577, 39.9196406803]
[1348, 116.361615266, 39.9197056895]
[1349, 116.373315993, 39.9197695182]
[1350, 116.385016757, 39.9198321662]
[1351, 116.396717557, 39.9198936336]
[1352, 116.408418393, 39.9199539205]
[1353, 116.420119263, 39.9200130267]
[1354, 116.431820168, 39.9200709523]
[1355, 116.443521106, 39.9201276972]
[1356, 116.455222077, 39.9201832615]
[1357, 116.46692308, 39.9202376452]
[1358, 116.478624115, 39.9202908482]
[1359, 116.490325181, 39.9203428704]
[1360, 116.502026276, 39.9203937121]
[1361, 116.513727401, 39.920443373]
[1362, 116.525428554, 39.9204918532]
[1363, 116.537129736, 39.9205391527]
[1364, 116.548830945, 39.9205852715]
[1365, 116.56053218, 39.9206302095]
[1366, 116.572233441, 39.9206739669]
[1367, 116.583934728, 39.9207165434]
[1368, 116.595636039, 39.9207579393]
[1369, 116.607337374, 39.9207981543]
[1370, 116.619038732, 39.9208371886]
[1371, 116.630740113, 39.9208750422]
[1372, 116.642441515, 39.9209117149]
[1373, 116.654142939, 39.9209472069]
[1374, 116.665844383, 39.9209815181]
[1375, 116.677545846, 39.9210146484]
[1376, 116.689247329, 39.921046598]
[1377, 116.70094883, 39.9210773668]
[1381, 116.127495206, 39.927190089]
[1382, 116.139196581, 39.9272775545]
[1383, 116.150898008, 39.9273638393]
[1384, 116.162599485, 39.9274489434]
[1385, 116.174301011, 39.9275328668]
[1386, 116.186002586, 39.9276156094]
[1387, 116.197704209, 39.9276971713]
[1388, 116.209405879, 39.9277775523]
[1389, 116.221107596, 39.9278567526]
[1390, 116.232809359, 39.9279347721]
[1391, 116.244511167, 39.9280116108]
[1392, 116.256213019, 39.9280872687]
[1393, 116.267914916, 39.9281617457]
[1394, 116.279616855, 39.9282350418]
[1395, 116.291318838, 39.9283071571]
[1396, 116.303020862, 39.9283780915]
[1397, 116.314722927, 39.9284478451]
[1398, 116.326425032, 39.9285164177]
[1399, 116.338127178, 39.9285838094]
[1400, 116.349829362, 39.9286500202]
[1401, 116.361531585, 39.92871505]
[1402, 116.373233845, 39.9287788989]
[1403, 116.384936142, 39.9288415668]
[1404, 116.396638476, 39.9289030538]
[1405, 116.408340845, 39.9289633597]
[1406, 116.420043249, 39.9290224847]
[1407, 116.431745688, 39.9290804287]
[1408, 116.44344816, 39.9291371917]
[1409, 116.455150664, 39.9291927736]
[1410, 116.466853201, 39.9292471745]
[1411, 116.47855577, 39.9293003944]
[1412, 116.490258369, 39.9293524332]
[1413, 116.501960998, 39.9294032909]
[1414, 116.513663657, 39.9294529676]
[1415, 116.525366344, 39.9295014632]
[1416, 116.537069059, 39.9295487778]
[1417, 116.548771802, 39.9295949112]
[1418, 116.560474571, 39.9296398635]
[1419, 116.572177366, 39.9296836347]
[1420, 116.583880186, 39.9297262248]
[1421, 116.595583031, 39.9297676338]
[1422, 116.6072859, 39.9298078616]
[1423, 116.618988792, 39.9298469083]
[1424, 116.630691707, 39.9298847738]
[1425, 116.642394643, 39.9299214582]
[1426, 116.6540976, 39.9299569615]
[1427, 116.665800578, 39.9299912836]
[1428, 116.677503575, 39.9300244244]
[1429, 116.689206592, 39.9300563842]
[1430, 116.700909627, 39.9300871627]
[1433, 116.115677949, 39.9361102769]
[1434, 116.127380807, 39.9361989512]
[1435, 116.139083716, 39.9362864445]
[1436, 116.150786677, 39.9363727567]
[1437, 116.162489687, 39.9364578878]
[1438, 116.174192747, 39.9365418378]
[1439, 116.185895856, 39.9366246067]
[1440, 116.197599013, 39.9367061944]
[1441, 116.209302217, 39.936786601]
[1442, 116.221005468, 39.9368658265]
[1443, 116.232708765, 39.9369438707]
[1444, 116.244412107, 39.9370207338]
[1445, 116.256115493, 39.9370964157]
[1446, 116.267818924, 39.9371709163]
[1447, 116.279522397, 39.9372442357]
[1448, 116.291225914, 39.9373163739]
[1449, 116.302929472, 39.9373873309]
[1450, 116.314633071, 39.9374571065]
[1451, 116.326336711, 39.9375257009]
[1452, 116.33804039, 39.937593114]
[1453, 116.349744109, 39.9376593458]
[1454, 116.361447866, 39.9377243963]
[1455, 116.37315166, 39.9377882654]
[1456, 116.384855492, 39.9378509533]
[1457, 116.39655936, 39.9379124597]
[1458, 116.408263263, 39.9379727848]
[1459, 116.419967202, 39.9380319286]
[1460, 116.431671174, 39.938089891]
[1461, 116.443375181, 39.9381466719]
[1462, 116.45507922, 39.9382022715]
[1463, 116.466783291, 39.9382566897]
[1464, 116.478487393, 39.9383099265]
[1465, 116.490191527, 39.9383619818]
[1466, 116.501895691, 39.9384128557]
[1467, 116.513599884, 39.9384625482]
[1468, 116.525304105, 39.9385110592]
[1469, 116.537008355, 39.9385583887]
[1470, 116.548712632, 39.9386045368]
[1471, 116.560416936, 39.9386495034]
[1472, 116.572121265, 39.9386932885]
[1473, 116.58382562, 39.9387358921]
[1474, 116.59553, 39.9387773142]
[1475, 116.607234403, 39.9388175548]
[1476, 116.618938829, 39.9388566139]
[1477, 116.630643278, 39.9388944914]
[1478, 116.642347749, 39.9389311875]
[1479, 116.654052241, 39.938966702]
[1480, 116.665756753, 39.939001035]
[1481, 116.677461285, 39.9390341864]
[1482, 116.689165837, 39.9390661562]
[1486, 116.115561964, 39.9451190966]
[1487, 116.127266356, 39.9452077991]
[1488, 116.138970801, 39.9452953201]
[1489, 116.150675295, 39.9453816597]
[1490, 116.162379841, 39.9454668179]
[1491, 116.174084435, 39.9455507945]
[1492, 116.185789078, 39.9456335897]
[1493, 116.19749377, 39.9457152033]
[1494, 116.209198508, 39.9457956354]
[1495, 116.220903294, 39.945874886]
[1496, 116.232608125, 39.945952955]
[1497, 116.244313002, 39.9460298425]
[1498, 116.256017923, 39.9461055484]
[1499, 116.267722888, 39.9461800727]
[1500, 116.279427897, 39.9462534154]
[1501, 116.291132948, 39.9463255765]
[1502, 116.302838041, 39.9463965559]
[1503, 116.314543175, 39.9464663538]
[1504, 116.326248349, 39.9465349699]
[1505, 116.337953564, 39.9466024044]
[1506, 116.349658817, 39.9466686572]
[1507, 116.361364109, 39.9467337284]
[1508, 116.373069438, 39.9467976178]
[1509, 116.384774805, 39.9468603255]
[1510, 116.396480208, 39.9469218515]
[1511, 116.408185646, 39.9469821958]
[1512, 116.41989112, 39.9470413583]
[1513, 116.431596627, 39.9470993391]
[1514, 116.443302168, 39.9471561381]
[1515, 116.455007743, 39.9472117553]
[1516, 116.466713349, 39.9472661908]
[1517, 116.478418987, 39.9473194444]
[1518, 116.490124655, 39.9473715163]
[1519, 116.501830354, 39.9474224063]
[1520, 116.513536082, 39.9474721145]
[1521, 116.525241839, 39.9475206409]
[1522, 116.536947623, 39.9475679855]
[1523, 116.548653436, 39.9476141482]
[1524, 116.560359274, 39.9476591291]
[1525, 116.572065139, 39.9477029281]
[1526, 116.583771029, 39.9477455452]
[1527, 116.595476944, 39.9477869805]
[1528, 116.607182882, 39.9478272339]
[1529, 116.618888844, 39.9478663054]
[1530, 116.630594828, 39.947904195]
[1531, 116.642300834, 39.9479409026]
[1532, 116.654006862, 39.9479764284]
[1533, 116.665712909, 39.9480107723]
[1534, 116.677418976, 39.9480439342]
[1535, 116.689125063, 39.9480759142]
[1539, 116.115445927, 39.954127902]
[1540, 116.127151855, 39.9542166327]
[1541, 116.138857834, 39.9543041815]
[1542, 116.150563864, 39.9543905485]
[1543, 116.162269944, 39.9544757336]
[1544, 116.173976074, 39.9545597369]
[1545, 116.185682252, 39.9546425584]
[1546, 116.197388479, 39.9547241979]
[1547, 116.209094753, 39.9548046556]
[1548, 116.220801074, 39.9548839313]
[1549, 116.232507441, 39.9549620251]
[1550, 116.244213853, 39.955038937]
[1551, 116.255920309, 39.9551146669]
[1552, 116.26762681, 39.9551892149]
[1553, 116.279333354, 39.9552625809]
[1554, 116.29103994, 39.9553347648]
[1555, 116.302746569, 39.9554057668]
[1556, 116.314453238, 39.9554755868]
[1557, 116.326159948, 39.9555442247]
[1558, 116.337866698, 39.9556116806]
[1559, 116.349573487, 39.9556779545]
[1560, 116.361280314, 39.9557430463]
[1561, 116.372987179, 39.955806956]
[1562, 116.384694082, 39.9558696836]
[1563, 116.39640102, 39.9559312291]
[1564, 116.408107994, 39.9559915925]
[1565, 116.419815003, 39.9560507738]
[1566, 116.431522047, 39.956108773]
[1567, 116.443229123, 39.95616559]
[1568, 116.454936233, 39.9562212249]
[1569, 116.466643375, 39.9562756777]
[1570, 116.478350549, 39.9563289482]
[1571, 116.490057753, 39.9563810366]
[1572, 116.501764988, 39.9564319428]
[1573, 116.513472251, 39.9564816668]
[1574, 116.525179544, 39.9565302086]
[1575, 116.536886865, 39.9565775682]
[1576, 116.548594213, 39.9566237456]
[1577, 116.560301587, 39.9566687407]
[1578, 116.572008988, 39.9567125536]
[1579, 116.583716414, 39.9567551843]
[1580, 116.595423864, 39.9567966327]
[1581, 116.607131339, 39.9568368989]
[1582, 116.618838836, 39.9568759827]
[1583, 116.630546357, 39.9569138844]
[1584, 116.642253899, 39.9569506037]
[1585, 116.653961462, 39.9569861408]
[1586, 116.665669045, 39.9570204955]
[1587, 116.677376648, 39.957053668]
[1588, 116.689084271, 39.9570856582]
[1591, 116.103622426, 39.9630467522]
[1592, 116.115329838, 39.9631366931]
[1593, 116.127037301, 39.9632254519]
[1594, 116.138744816, 39.9633130285]
[1595, 116.150452382, 39.9633994229]
[1596, 116.162159998, 39.9634846351]
[1597, 116.173867664, 39.9635686651]
[1598, 116.185575378, 39.9636515128]
[1599, 116.197283141, 39.9637331783]
[1600, 116.208990951, 39.9638136614]
[1601, 116.220698808, 39.9638929623]
[1602, 116.232406711, 39.9639710809]
[1603, 116.244114659, 39.9640480172]
[1604, 116.255822651, 39.9641237712]
[1605, 116.267530688, 39.9641983428]
[1606, 116.279238768, 39.9642717321]
[1607, 116.290946891, 39.964343939]
[1608, 116.302655055, 39.9644149635]
[1609, 116.314363261, 39.9644848056]
[1610, 116.326071507, 39.9645534653]
[1611, 116.337779793, 39.9646209426]
[1612, 116.349488119, 39.9646872375]
[1613, 116.361196482, 39.96475235]
[1614, 116.372904884, 39.96481628]
[1615, 116.384613322, 39.9648790275]
[1616, 116.396321797, 39.9649405925]
[1617, 116.408030307, 39.9650009751]
[1618, 116.419738853, 39.9650601752]
[1619, 116.431447432, 39.9651181928]
[1620, 116.443156046, 39.9651750279]
[1621, 116.454864692, 39.9652306804]
[1622, 116.46657337, 39.9652851504]
[1623, 116.47828208, 39.9653384379]
[1624, 116.489990821, 39.9653905428]
[1625, 116.501699592, 39.9654414652]
[1626, 116.513408392, 39.9654912049]
[1627, 116.525117221, 39.9655397622]
[1628, 116.536826078, 39.9655871368]
[1629, 116.548534963, 39.9656333288]
[1630, 116.560243874, 39.9656783382]
[1631, 116.571952811, 39.965722165]
[1632, 116.583661774, 39.9657648092]
[1633, 116.595370761, 39.9658062708]
[1634, 116.607079772, 39.9658465497]
[1635, 116.618788806, 39.965885646]
[1636, 116.630497863, 39.9659235597]
[1637, 116.642206942, 39.9659602907]
[1638, 116.653916041, 39.965995839]
[1639, 116.665625161, 39.9660302047]
[1640, 116.677334301, 39.9660633877]
[1641, 116.68904346, 39.966095388]
[1644, 116.103504748, 39.9720555004]
[1645, 116.115213696, 39.9721454699]
[1646, 116.126922696, 39.9722342569]
[1647, 116.138631748, 39.9723218613]
[1648, 116.15034085, 39.9724082831]
[1649, 116.162050003, 39.9724935223]
[1650, 116.173759205, 39.9725775789]
[1651, 116.185468456, 39.972660453]
[1652, 116.197177756, 39.9727421443]
[1653, 116.208887102, 39.9728226531]
[1654, 116.220596496, 39.9729019791]
[1655, 116.232305935, 39.9729801225]
[1656, 116.24401542, 39.9730570832]
[1657, 116.25572495, 39.9731328612]
[1658, 116.267434523, 39.9732074565]
[1659, 116.27914414, 39.9732808691]
[1660, 116.2908538, 39.9733530989]
[1661, 116.302563501, 39.9734241459]
[1662, 116.314273243, 39.9734940102]
[1663, 116.325983027, 39.9735626917]
[1664, 116.33769285, 39.9736301904]
[1665, 116.349402712, 39.9736965064]
[1666, 116.361112612, 39.9737616395]
[1667, 116.372822551, 39.9738255898]
[1668, 116.384532526, 39.9738883572]
[1669, 116.396242538, 39.9739499418]
[1670, 116.407952585, 39.9740103435]
[1671, 116.419662668, 39.9740695624]
[1672, 116.431372784, 39.9741275984]
[1673, 116.443082935, 39.9741844515]
[1674, 116.454793118, 39.9742401217]
[1675, 116.466503334, 39.974294609]
[1676, 116.478213581, 39.9743479134]
[1677, 116.489923859, 39.9744000349]
[1678, 116.501634167, 39.9744509734]
[1679, 116.513344504, 39.9745007289]
[1680, 116.525054871, 39.9745493016]
[1681, 116.536765265, 39.9745966912]
[1682, 116.548475687, 39.9746428979]
[1683, 116.560186135, 39.9746879216]
[1684, 116.57189661, 39.9747317623]
[1685, 116.583607109, 39.9747744201]
[1686, 116.595317634, 39.9748158948]
[1687, 116.607028182, 39.9748561865]
[1688, 116.618738754, 39.9748952952]
[1689, 116.630449348, 39.9749332209]
[1690, 116.642159963, 39.9749699636]
[1691, 116.653870601, 39.9750055232]
[1692, 116.665581258, 39.9750398998]
[1693, 116.677291935, 39.9750730933]
[1694, 116.689002632, 39.9751051038]
[1695, 116.700713346, 39.9751359312]
[1696, 116.091676586, 39.9809730533]
[1697, 116.103387018, 39.9810642343]
[1698, 116.115097502, 39.9811542324]
[1699, 116.12680804, 39.9812430475]
[1700, 116.138518628, 39.9813306797]
[1701, 116.150229268, 39.9814171289]
[1702, 116.161939958, 39.9815023952]
[1703, 116.173650698, 39.9815864785]
[1704, 116.185361486, 39.9816693788]
[1705, 116.197072323, 39.9817510961]
[1706, 116.208783207, 39.9818316304]
[1707, 116.220494138, 39.9819109816]
[1708, 116.232205115, 39.9819891498]
[1709, 116.243916137, 39.9820661349]
[1710, 116.255627204, 39.982141937]
[1711, 116.267338315, 39.9822165559]
[1712, 116.279049469, 39.9822899918]
[1713, 116.290760666, 39.9823622445]
[1714, 116.302471905, 39.9824333141]
[1715, 116.314183185, 39.9825032006]
[1716, 116.325894506, 39.9825719039]
[1717, 116.337605867, 39.9826394241]
[1718, 116.349317266, 39.982705761]
[1719, 116.361028705, 39.9827709148]
[1720, 116.372740181, 39.9828348854]
[1721, 116.384451694, 39.9828976727]
[1722, 116.396163243, 39.9829592769]
[1723, 116.407874828, 39.9830196978]
[1724, 116.419586449, 39.9830789355]
[1725, 116.431298103, 39.9831369899]
[1726, 116.443009791, 39.983193861]
[1727, 116.454721512, 39.9832495489]
[1728, 116.466433266, 39.9833040535]
[1729, 116.478145051, 39.9833573748]
[1730, 116.489856866, 39.9834095128]
[1731, 116.501568712, 39.9834604675]
[1732, 116.513280588, 39.9835102388]
[1733, 116.524992492, 39.9835588269]
[1734, 116.536704424, 39.9836062316]
[1735, 116.548416384, 39.9836524529]
[1736, 116.56012837, 39.9836974909]
[1737, 116.571840382, 39.9837413455]
[1738, 116.58355242, 39.9837840168]
[1739, 116.595264482, 39.9838255047]
[1740, 116.606976569, 39.9838658092]
[1741, 116.618688678, 39.9839049303]
[1742, 116.63040081, 39.983942868]
[1743, 116.642112964, 39.9839796223]
[1744, 116.653825139, 39.9840151933]
[1745, 116.665537335, 39.9840495807]
[1746, 116.67724955, 39.9840827848]
[1747, 116.688961785, 39.9841148054]
[1748, 116.700674037, 39.9841456426]
[1749, 116.091557264, 39.989981744]
[1750, 116.103269234, 39.9900729539]
[1751, 116.114981256, 39.9901629805]
[1752, 116.126693331, 39.9902518238]
[1753, 116.138405458, 39.9903394838]
[1754, 116.150117636, 39.9904259605]
[1755, 116.161829864, 39.9905112538]
[1756, 116.173542141, 39.9905953638]
[1757, 116.185254468, 39.9906782904]
[1758, 116.196966842, 39.9907600336]
[1759, 116.208679264, 39.9908405935]
[1760, 116.220391733, 39.9909199699]
[1761, 116.232104248, 39.9909981629]
[1762, 116.243816809, 39.9910751724]
[1763, 116.255529414, 39.9911509985]
[1764, 116.267242063, 39.9912256412]
[1765, 116.278954756, 39.9912991003]
[1766, 116.290667491, 39.991371376]
[1767, 116.302380268, 39.9914424681]
[1768, 116.314093087, 39.9915123768]
[1769, 116.325805946, 39.9915811019]
[1770, 116.337518844, 39.9916486435]
[1771, 116.349231783, 39.9917150015]
[1772, 116.360944759, 39.9917801759]
[1773, 116.372657773, 39.9918441668]
[1774, 116.384370825, 39.9919069741]
[1775, 116.396083913, 39.9919685978]
[1776, 116.407797036, 39.9920290379]
[1777, 116.419510195, 39.9920882943]
[1778, 116.431223388, 39.9921463672]
[1779, 116.442936615, 39.9922032564]
[1780, 116.454649874, 39.9922589619]
[1781, 116.466363166, 39.9923134838]
[1782, 116.478076489, 39.992366822]
[1783, 116.489789844, 39.9924189766]
[1784, 116.501503228, 39.9924699474]
[1785, 116.513216642, 39.9925197346]
[1786, 116.524930085, 39.992568338]
[1787, 116.536643556, 39.9926157578]
[1788, 116.548357054, 39.9926619938]
[1789, 116.560070579, 39.9927070461]
[1790, 116.57178413, 39.9927509146]
[1791, 116.583497706, 39.9927935994]
[1792, 116.595211307, 39.9928351005]
[1793, 116.606924932, 39.9928754178]
[1794, 116.61863858, 39.9929145513]
[1795, 116.630352251, 39.9929525011]
[1796, 116.642065944, 39.992989267]
[1797, 116.653779658, 39.9930248492]
[1798, 116.665493392, 39.9930592476]
[1799, 116.677207146, 39.9930924622]
[1800, 116.688920919, 39.993124493]
[1803, 116.103151397, 39.9990816591]
[1804, 116.114864958, 39.9991717143]
[1805, 116.126578572, 39.9992605858]
[1806, 116.138292237, 39.9993482736]
[1807, 116.150005953, 39.9994347777]
[1808, 116.16171972, 39.9995200981]
[1809, 116.173433536, 39.9996042348]
[1810, 116.185147401, 39.9996871877]
[1811, 116.196861314, 39.9997689569]
[1812, 116.208575275, 39.9998495423]
[1813, 116.220289283, 39.9999289439]
[1814, 116.232003337, 40.0000071617]
[1815, 116.243717436, 40.0000841957]
[1816, 116.25543158, 40.0001600458]
[1817, 116.267145768, 40.0002347121]
[1818, 116.27886, 40.0003081946]
[1819, 116.290574274, 40.0003804932]
[1820, 116.30228859, 40.0004516079]
[1821, 116.314002947, 40.0005215387]
[1822, 116.325717345, 40.0005902857]
[1823, 116.337431783, 40.0006578487]
[1824, 116.34914626, 40.0007242277]
[1825, 116.360860776, 40.0007894229]
[1826, 116.372575329, 40.000853434]
[1827, 116.38428992, 40.0009162613]
[1828, 116.396004547, 40.0009779045]
[1829, 116.407719209, 40.0010383638]
[1830, 116.419433907, 40.001097639]
[1831, 116.431148639, 40.0011557303]
[1832, 116.442863405, 40.0012126375]
[1833, 116.454578204, 40.0012683608]
[1834, 116.466293035, 40.0013229]
[1835, 116.478007897, 40.0013762551]
[1836, 116.489722791, 40.0014284262]
[1837, 116.501437715, 40.0014794132]
[1838, 116.513152668, 40.0015292162]
[1839, 116.52486765, 40.001577835]
[1840, 116.53658266, 40.0016252698]
[1841, 116.548297698, 40.0016715205]
[1842, 116.560012762, 40.0017165871]
[1843, 116.571727852, 40.0017604696]
[1844, 116.583442968, 40.0018031679]
[1845, 116.595158108, 40.0018446822]
[1846, 116.606873272, 40.0018850123]
[1847, 116.61858846, 40.0019241582]
[1848, 116.63030367, 40.00196212]
[1849, 116.642018902, 40.0019988976]
[1850, 116.653734155, 40.0020344911]
[1851, 116.665449429, 40.0020689004]
[1852, 116.677164722, 40.0021021256]
[1857, 116.114748607, 40.0081804337]
[1858, 116.12646376, 40.0082693334]
[1859, 116.138178965, 40.0083570491]
[1860, 116.14989422, 40.0084435806]
[1861, 116.161609526, 40.0085289281]
[1862, 116.173324882, 40.0086130915]
[1863, 116.185040286, 40.0086960707]
[1864, 116.196755739, 40.0087778658]
[1865, 116.208471239, 40.0088584768]
[1866, 116.220186787, 40.0089379036]
[1867, 116.23190238, 40.0090161462]
[1868, 116.243618019, 40.0090932046]
[1869, 116.255333702, 40.0091690789]
[1870, 116.26704943, 40.0092437689]
[1871, 116.278765201, 40.0093172746]
[1872, 116.290481015, 40.0093895962]
[1873, 116.30219687, 40.0094607335]
[1874, 116.313912767, 40.0095306865]
[1875, 116.325628705, 40.0095994552]
[1876, 116.337344683, 40.0096670396]
[1877, 116.349060699, 40.0097334398]
[1878, 116.360776755, 40.0097986556]
[1879, 116.372492848, 40.0098626871]
[1880, 116.384208978, 40.0099255342]
[1881, 116.395925145, 40.009987197]
[1882, 116.407641347, 40.0100476755]
[1883, 116.419357585, 40.0101069696]
[1884, 116.431073857, 40.0101650793]
[1885, 116.442790163, 40.0102220046]
[1886, 116.454506501, 40.0102777455]
[1887, 116.466222872, 40.010332302]
[1888, 116.477939275, 40.010385674]
[1889, 116.489655708, 40.0104378617]
[1890, 116.501372172, 40.0104888649]
[1891, 116.513088665, 40.0105386836]
[1892, 116.524805187, 40.0105873179]
[1893, 116.536521737, 40.0106347678]
[1894, 116.548238314, 40.0106810331]
[1895, 116.559954919, 40.010726114]
[1896, 116.571671549, 40.0107700104]
[1897, 116.583388205, 40.0108127223]
[1898, 116.595104885, 40.0108542497]
[1899, 116.606821589, 40.0108945926]
[1900, 116.618538317, 40.010933751]
[1901, 116.630255067, 40.0109717248]
[1902, 116.641971839, 40.0110085141]
[1903, 116.653688633, 40.0110441189]
[1904, 116.665405446, 40.0110785392]
[1909, 116.102915563, 40.0170990265]
[1910, 116.114632204, 40.0171891389]
[1911, 116.126348897, 40.0172780668]
[1912, 116.138065641, 40.0173658102]
[1913, 116.149782437, 40.0174523692]
[1914, 116.161499283, 40.0175377438]
[1915, 116.173216179, 40.0176219339]
[1916, 116.184933123, 40.0177049394]
[1917, 116.196650116, 40.0177867605]
[1918, 116.208367157, 40.017867397]
[1919, 116.220084244, 40.017946849]
[1920, 116.231801377, 40.0180251165]
[1921, 116.243518556, 40.0181021994]
[1922, 116.25523578, 40.0181780977]
[1923, 116.266953048, 40.0182528114]
[1924, 116.278670359, 40.0183263405]
[1925, 116.290387713, 40.0183986849]
[1926, 116.30210511, 40.0184698448]
[1927, 116.313822547, 40.01853982]
[1928, 116.325540025, 40.0186086105]
[1929, 116.337257543, 40.0186762164]
[1930, 116.3489751, 40.0187426376]
[1931, 116.360692696, 40.0188078741]
[1932, 116.372410329, 40.0188719259]
[1933, 116.384128, 40.018934793]
[1934, 116.395845707, 40.0189964754]
[1935, 116.40756345, 40.019056973]
[1936, 116.419281228, 40.0191162859]
[1937, 116.430999041, 40.0191744141]
[1938, 116.442716887, 40.0192313574]
[1939, 116.454434766, 40.019287116]
[1940, 116.466152678, 40.0193416898]
[1941, 116.477870621, 40.0193950788]
[1942, 116.489588595, 40.019447283]
[1943, 116.501306599, 40.0194983024]
[1944, 116.513024633, 40.019548137]
[1945, 116.524742696, 40.0195967867]
[1946, 116.536460786, 40.0196442516]
[1947, 116.548178905, 40.0196905317]
[1948, 116.559897049, 40.0197356268]
[1949, 116.571615221, 40.0197795372]
[1950, 116.583333417, 40.0198222626]
[1951, 116.595051638, 40.0198638032]
[1952, 116.606769883, 40.0199041589]
[1953, 116.618488151, 40.0199433297]
[1954, 116.630206442, 40.0199813156]
[1955, 116.641924755, 40.0200181166]
[1956, 116.653643089, 40.0200537326]
[1962, 116.102797567, 40.0261076887]
[1963, 116.114515748, 40.0261978297]
[1964, 116.126233982, 40.0262867858]
[1965, 116.137952267, 40.0263745571]
[1966, 116.149670603, 40.0264611436]
[1967, 116.16138899, 40.0265465452]
[1968, 116.173107427, 40.026630762]
[1969, 116.184825912, 40.0267137939]
[1970, 116.196544446, 40.0267956409]
[1971, 116.208263027, 40.026876303]
[1972, 116.219981655, 40.0269557802]
[1973, 116.23170033, 40.0270340725]
[1974, 116.243419049, 40.0271111798]
[1975, 116.255137814, 40.0271871022]
[1976, 116.266856623, 40.0272618396]
[1977, 116.278575475, 40.027335392]
[1978, 116.29029437, 40.0274077595]
[1979, 116.302013307, 40.0274789419]
[1980, 116.313732286, 40.0275489393]
[1981, 116.325451305, 40.0276177517]
[1982, 116.337170364, 40.027685379]
[1983, 116.348889462, 40.0277518213]
[1984, 116.360608599, 40.0278170785]
[1985, 116.372327774, 40.0278811506]
[1986, 116.384046986, 40.0279440377]
[1987, 116.395766234, 40.0280057396]
[1988, 116.407485518, 40.0280662564]
[1989, 116.419204837, 40.0281255881]
[1990, 116.430924191, 40.0281837347]
[1991, 116.442643579, 40.0282406961]
[1992, 116.454362999, 40.0282964724]
[1993, 116.466082452, 40.0283510635]
[1994, 116.477801936, 40.0284044695]
[1995, 116.489521451, 40.0284566902]
[1996, 116.501240997, 40.0285077258]
[1997, 116.512960572, 40.0285575762]
[1998, 116.524680176, 40.0286062413]
[1999, 116.536399808, 40.0286537213]
[2000, 116.548119468, 40.028700016]
[2001, 116.559839154, 40.0287451255]
[2002, 116.571558867, 40.0287890498]
[2003, 116.583278605, 40.0288317888]
[2004, 116.594998367, 40.0288733425]
[2005, 116.606718154, 40.028913711]
[2006, 116.618437963, 40.0289528943]
[2007, 116.630157796, 40.0289908922]
[2008, 116.64187765, 40.0290277049]
[2009, 116.653597526, 40.0290633322]
[2015, 116.102679518, 40.0351163366]
[2016, 116.11439924, 40.0352065061]
[2017, 116.126119015, 40.0352954905]
[2018, 116.137838842, 40.0353832896]
[2019, 116.14955872, 40.0354699036]
[2020, 116.161278648, 40.0355553323]
[2021, 116.172998626, 40.0356395758]
[2022, 116.184718652, 40.035722634]
[2023, 116.196438728, 40.035804507]
[2024, 116.20815885, 40.0358851947]
[2025, 116.21987902, 40.0359646971]
[2026, 116.231599236, 40.0360430142]
[2027, 116.243319498, 40.036120146]
[2028, 116.255039804, 40.0361960925]
[2029, 116.266760154, 40.0362708536]
[2030, 116.278480548, 40.0363444294]
[2031, 116.290200985, 40.0364168198]
[2032, 116.301921464, 40.0364880248]
[2033, 116.313641984, 40.0365580444]
[2034, 116.325362545, 40.0366268786]
[2035, 116.337083145, 40.0366945274]
[2036, 116.348803786, 40.0367609907]
[2037, 116.360524464, 40.0368262686]
[2038, 116.372245181, 40.0368903611]
[2039, 116.383965935, 40.0369532681]
[2040, 116.395686725, 40.0370149896]
[2041, 116.407407551, 40.0370755256]
[2042, 116.419128412, 40.0371348761]
[2043, 116.430849308, 40.0371930412]
[2044, 116.442570237, 40.0372500207]
[2045, 116.454291199, 40.0373058146]
[2046, 116.466012194, 40.0373604231]
[2047, 116.47773322, 40.037413846]
[2048, 116.489454278, 40.0374660833]
[2049, 116.501175365, 40.0375171351]
[2050, 116.512896483, 40.0375670012]
[2051, 116.524617629, 40.0376156819]
[2052, 116.536338803, 40.0376631769]
[2053, 116.548060004, 40.0377094863]
[2054, 116.559781233, 40.0377546101]
[2055, 116.571502487, 40.0377985483]
[2056, 116.583223767, 40.0378413009]
[2057, 116.594945072, 40.0378828678]
[2058, 116.606666401, 40.0379232491]
[2059, 116.618387753, 40.0379624447]
[2060, 116.630109127, 40.0380004547]
[2061, 116.641830524, 40.0380372791]
[2062, 116.653551941, 40.0380729178]
[2069, 116.11428268, 40.0442151683]
[2070, 116.126003997, 40.0443041808]
[2071, 116.137725365, 40.0443920078]
[2072, 116.149446785, 40.0444786492]
[2073, 116.161168255, 40.0445641051]
[2074, 116.172889775, 40.0446483753]
[2075, 116.184611345, 40.0447314599]
[2076, 116.196332962, 40.0448133588]
[2077, 116.208054627, 40.0448940721]
[2078, 116.219776339, 40.0449735998]
[2079, 116.231498097, 40.0450519417]
[2080, 116.243219901, 40.045129098]
[2081, 116.25494175, 40.0452050685]
[2082, 116.266663642, 40.0452798534]
[2083, 116.278385579, 40.0453534525]
[2084, 116.290107558, 40.0454258658]
[2085, 116.301829579, 40.0454970934]
[2086, 116.313551641, 40.0455671353]
[2087, 116.325273745, 40.0456359913]
[2088, 116.336995888, 40.0457036615]
[2089, 116.34871807, 40.045770146]
[2090, 116.360440292, 40.0458354446]
[2091, 116.372162551, 40.0458995574]
[2092, 116.383884847, 40.0459624843]
[2093, 116.39560718, 40.0460242254]
[2094, 116.407329548, 40.0460847806]
[2095, 116.419051952, 40.04614415]
[2096, 116.43077439, 40.0462023335]
[2097, 116.442496862, 40.046259331]
[2098, 116.454219367, 40.0463151427]
[2099, 116.465941905, 40.0463697685]
[2100, 116.477664474, 40.0464232083]
[2101, 116.489387074, 40.0464754622]
[2102, 116.501109704, 40.0465265302]
[2103, 116.512832364, 40.0465764122]
[2104, 116.524555053, 40.0466251082]
[2105, 116.53627777, 40.0466726183]
[2106, 116.548000514, 40.0467189424]
[2107, 116.559723285, 40.0467640805]
[2108, 116.571446083, 40.0468080327]
[2109, 116.583168906, 40.0468507988]
[2110, 116.594891753, 40.0468923789]
[2111, 116.606614624, 40.046932773]
[2112, 116.618337519, 40.0469719811]
[2113, 116.630060437, 40.0470100032]
[2114, 116.641783376, 40.0470468392]
[2123, 116.125888926, 40.0533128569]
[2124, 116.137611838, 40.0534007117]
[2125, 116.1493348, 40.0534873806]
[2126, 116.161057814, 40.0535728636]
[2127, 116.172780876, 40.0536571605]
[2128, 116.184503988, 40.0537402715]
[2129, 116.196227149, 40.0538221964]
[2130, 116.207950357, 40.0539029353]
[2131, 116.219673611, 40.0539824882]
[2132, 116.231396913, 40.054060855]
[2133, 116.243120259, 40.0541380357]
[2134, 116.254843651, 40.0542140303]
[2135, 116.266567087, 40.0542888389]
[2136, 116.278290566, 40.0543624613]
[2137, 116.290014088, 40.0544348977]
[2138, 116.301737653, 40.0545061479]
[2139, 116.313461258, 40.0545762119]
[2140, 116.325184905, 40.0546450898]
[2141, 116.336908591, 40.0547127815]
[2142, 116.348632317, 40.054779287]
[2143, 116.360356081, 40.0548446063]
[2144, 116.372079883, 40.0549087395]
[2145, 116.383803723, 40.0549716864]
[2146, 116.395527599, 40.055033447]
[2147, 116.407251511, 40.0550940215]
[2148, 116.418975458, 40.0551534097]
[2149, 116.43069944, 40.0552116116]
[2150, 116.442423455, 40.0552686272]
[2151, 116.454147503, 40.0553244566]
[2152, 116.465871584, 40.0553790997]
[2153, 116.477595696, 40.0554325565]
[2154, 116.48931984, 40.055484827]
[2155, 116.501044013, 40.0555359111]
[2156, 116.512768217, 40.055585809]
[2157, 116.524492449, 40.0556345205]
[2158, 116.536216709, 40.0556820456]
[2159, 116.547940997, 40.0557283844]
[2160, 116.559665312, 40.0557735369]
[2161, 116.571389653, 40.0558175029]
[2162, 116.583114019, 40.0558602826]
[2163, 116.59483841, 40.0559018759]
[2164, 116.606562825, 40.0559422829]
[2165, 116.618287263, 40.0559815034]
[2166, 116.630011724, 40.0560195375]
[2167, 116.641736207, 40.0560563852]
[2177, 116.137498259, 40.0624094013]
[2178, 116.149222765, 40.0624960977]
[2179, 116.160947322, 40.0625816077]
[2180, 116.172671928, 40.0626659314]
[2181, 116.184396584, 40.0627490687]
[2182, 116.196121288, 40.0628310197]
[2183, 116.207846039, 40.0629117842]
[2184, 116.219570838, 40.0629913623]
[2185, 116.231295683, 40.0630697539]
[2186, 116.243020573, 40.0631469591]
[2187, 116.254745508, 40.0632229779]
[2188, 116.266470488, 40.0632978102]
[2189, 116.278195511, 40.063371456]
[2190, 116.289920577, 40.0634439153]
[2191, 116.301645685, 40.0635151881]
[2192, 116.313370834, 40.0635852743]
[2193, 116.325096025, 40.063654174]
[2194, 116.336821255, 40.0637218872]
[2195, 116.348546524, 40.0637884138]
[2196, 116.360271833, 40.0638537539]
[2197, 116.371997179, 40.0639179074]
[2198, 116.383722562, 40.0639808742]
[2199, 116.395447982, 40.0640426545]
[2200, 116.407173438, 40.0641032481]
[2201, 116.418898929, 40.0641626552]
[2202, 116.430624455, 40.0642208756]
[2203, 116.442350014, 40.0642779093]
[2204, 116.454075607, 40.0643337564]
[2205, 116.465801231, 40.0643884168]
[2206, 116.477526888, 40.0644418905]
[2207, 116.489252575, 40.0644941776]
[2208, 116.500978293, 40.064545278]
[2209, 116.51270404, 40.0645951916]
[2210, 116.524429817, 40.0646439186]
[2211, 116.536155621, 40.0646914588]
[2212, 116.547881453, 40.0647378123]
[2213, 116.559607312, 40.0647829791]
[2214, 116.571333197, 40.0648269591]
[2215, 116.583059108, 40.0648697523]
[2216, 116.594785043, 40.0649113588]
[2217, 116.606511002, 40.0649517786]
[2218, 116.618236985, 40.0649910115]
[2219, 116.62996299, 40.0650290577]
[2231, 116.14911068, 40.0715048005]
[2232, 116.16083678, 40.0715903376]
[2233, 116.172562931, 40.071674688]
[2234, 116.184289131, 40.0717578517]
[2235, 116.196015379, 40.0718398286]
[2236, 116.207741675, 40.0719206188]
[2237, 116.219468018, 40.0720002221]
[2238, 116.231194407, 40.0720786386]
[2239, 116.242920842, 40.0721558683]
[2240, 116.254647321, 40.0722319112]
[2241, 116.266373845, 40.0723067672]
[2242, 116.278100413, 40.0723804364]
[2243, 116.289827023, 40.0724529186]
[2244, 116.301553676, 40.072524214]
[2245, 116.31328037, 40.0725943225]
[2246, 116.325007105, 40.0726632441]
[2247, 116.336733879, 40.0727309787]
[2248, 116.348460693, 40.0727975265]
[2249, 116.360187546, 40.0728628872]
[2250, 116.371914437, 40.0729270611]
[2251, 116.383641365, 40.0729900479]
[2252, 116.39536833, 40.0730518478]
[2253, 116.40709533, 40.0731124606]
[2254, 116.418822366, 40.0731718865]
[2255, 116.430549436, 40.0732301253]
[2256, 116.44227654, 40.0732871772]
[2257, 116.454003677, 40.073343042]
[2258, 116.465730847, 40.0733977197]
[2259, 116.477458048, 40.0734512104]
[2260, 116.489185281, 40.0735035141]
[2261, 116.500912543, 40.0735546306]
[2262, 116.512639835, 40.0736045601]
[2263, 116.524367156, 40.0736533025]
[2264, 116.536094506, 40.0737008578]
[2265, 116.547821883, 40.073747226]
[2266, 116.559549286, 40.0737924071]
[2267, 116.571276716, 40.0738364011]
[2268, 116.583004172, 40.0738792079]
[2269, 116.594731652, 40.0739208276]
[2270, 116.606459156, 40.0739612602]
[2271, 116.618186683, 40.0740005056]
[2272, 116.629914233, 40.0740385639]
[2284, 116.148998543, 40.0805134889]
[2285, 116.160726189, 40.0805990532]
[2286, 116.172453885, 40.0806834304]
[2287, 116.184181629, 40.0807666204]
[2288, 116.195909422, 40.0808486233]
[2289, 116.207637263, 40.0809294391]
[2290, 116.219365151, 40.0810090676]
[2291, 116.231093085, 40.081087509]
[2292, 116.242821065, 40.0811647632]
[2293, 116.25454909, 40.0812408302]
[2294, 116.266277159, 40.08131571]
[2295, 116.278005272, 40.0813894025]
[2296, 116.289733428, 40.0814619078]
[2297, 116.301461625, 40.0815332258]
[2298, 116.313189864, 40.0816033565]
[2299, 116.324918144, 40.0816722999]
[2300, 116.336646464, 40.0817400561]
[2301, 116.348374824, 40.0818066249]
[2302, 116.360103222, 40.0818720064]
[2303, 116.371831658, 40.0819362006]
[2304, 116.383560131, 40.0819992074]
[2305, 116.395288641, 40.0820610268]
[2306, 116.407017187, 40.0821216589]
[2307, 116.418745768, 40.0821811036]
[2308, 116.430474384, 40.082239361]
[2309, 116.442203033, 40.0822964309]
[2310, 116.453931716, 40.0823523134]
[2311, 116.465660431, 40.0824070085]
[2312, 116.477389178, 40.0824605162]
[2313, 116.489117955, 40.0825128364]
[2314, 116.500846764, 40.0825639692]
[2315, 116.512575601, 40.0826139145]
[2316, 116.524304468, 40.0826626724]
[2317, 116.536033363, 40.0827102428]
[2318, 116.547762285, 40.0827566257]
[2319, 116.559491234, 40.0828018211]
[2320, 116.57122021, 40.082845829]
[2321, 116.582949211, 40.0828886494]
[2322, 116.594678237, 40.0829302823]
[2323, 116.606407286, 40.0829707277]
[2324, 116.618136359, 40.0830099856]
[2337, 116.148886357, 40.089522163]
[2338, 116.160615548, 40.0896077545]
[2339, 116.172344789, 40.0896921584]
[2340, 116.18407408, 40.0897753748]
[2341, 116.195803418, 40.0898574037]
[2342, 116.207532805, 40.0899382451]
[2343, 116.219262239, 40.0900178989]
[2344, 116.230991719, 40.0900963652]
[2345, 116.242721244, 40.0901736439]
[2346, 116.254450815, 40.090249735]
[2347, 116.26618043, 40.0903246385]
[2348, 116.277910088, 40.0903983544]
[2349, 116.28963979, 40.0904708827]
[2350, 116.301369533, 40.0905422233]
[2351, 116.313099318, 40.0906123762]
[2352, 116.324829144, 40.0906813415]
[2353, 116.33655901, 40.0907491192]
[2354, 116.348288915, 40.0908157091]
[2355, 116.36001886, 40.0908811113]
[2356, 116.371748842, 40.0909453259]
[2357, 116.383478861, 40.0910083527]
[2358, 116.395208917, 40.0910701917]
[2359, 116.406939009, 40.091130843]
[2360, 116.418669136, 40.0911903066]
[2361, 116.430399298, 40.0912485824]
[2362, 116.442129493, 40.0913056704]
[2363, 116.453859722, 40.0913615707]
[2364, 116.465589983, 40.0914162831]
[2365, 116.477320276, 40.0914698077]
[2366, 116.4890506, 40.0915221446]
[2367, 116.500780954, 40.0915732936]
[2368, 116.512511338, 40.0916232547]
[2369, 116.524241751, 40.0916720281]
[2370, 116.535972192, 40.0917196135]
[2371, 116.547702661, 40.0917660111]
[2372, 116.559433156, 40.0918112209]
[2373, 116.571163678, 40.0918552428]
[2374, 116.582894225, 40.0918980768]
[2375, 116.594624797, 40.0919397229]
[2376, 116.606355393, 40.0919801811]
[2377, 116.618086013, 40.0920194514]
[2391, 116.160504857, 40.0986164414]
[2392, 116.172235645, 40.0987008721]
[2393, 116.183966481, 40.0987841149]
[2394, 116.195697366, 40.0988661698]
[2395, 116.207428299, 40.0989470369]
[2396, 116.219159279, 40.0990267159]
[2397, 116.230890306, 40.0991052071]
[2398, 116.242621378, 40.0991825103]
[2399, 116.254352495, 40.0992586255]
[2400, 116.266083657, 40.0993335528]
[2401, 116.277814862, 40.099407292]
[2402, 116.28954611, 40.0994798433]
[2403, 116.3012774, 40.0995512066]
[2404, 116.313008731, 40.0996213818]
[2405, 116.324740104, 40.0996903689]
[2406, 116.336471516, 40.0997581681]
[2407, 116.348202968, 40.0998247791]
[2408, 116.359934459, 40.0998902021]
[2409, 116.371665988, 40.099954437]
[2410, 116.383397554, 40.1000174838]
[2411, 116.395129157, 40.1000793424]
[2412, 116.406860796, 40.100140013]
[2413, 116.41859247, 40.1001994954]
[2414, 116.430324178, 40.1002577897]
[2415, 116.44205592, 40.1003148958]
[2416, 116.453787696, 40.1003708138]
[2417, 116.465519504, 40.1004255436]
[2418, 116.477251343, 40.1004790852]
[2419, 116.488983214, 40.1005314386]
[2420, 116.500715115, 40.1005826038]
[2421, 116.512447046, 40.1006325808]
[2422, 116.524179006, 40.1006813696]
[2423, 116.535910994, 40.1007289702]
[2424, 116.54764301, 40.1007753825]
[2425, 116.559375052, 40.1008206066]
[2426, 116.571107121, 40.1008646424]
[2427, 116.582839215, 40.10090749]
[2428, 116.594571334, 40.1009491493]
[2429, 116.606303477, 40.1009896204]
[2430, 116.618035643, 40.1010289031]
[2444, 116.160394116, 40.107625114]
[2445, 116.172126451, 40.1077095715]
[2446, 116.183858835, 40.1077928407]
[2447, 116.195591267, 40.1078749217]
[2448, 116.207323747, 40.1079558143]
[2449, 116.219056274, 40.1080355187]
[2450, 116.230788848, 40.1081140347]
[2451, 116.242521467, 40.1081913624]
[2452, 116.254254131, 40.1082675018]
[2453, 116.26598684, 40.1083424528]
[2454, 116.277719592, 40.1084162155]
[2455, 116.289452387, 40.1084887897]
[2456, 116.301185225, 40.1085601756]
[2457, 116.312918104, 40.1086303731]
[2458, 116.324651023, 40.1086993821]
[2459, 116.336383983, 40.1087672027]
[2460, 116.348116983, 40.1088338349]
[2461, 116.359850021, 40.1088992786]
[2462, 116.371583097, 40.1089635339]
[2463, 116.383316211, 40.1090266007]
[2464, 116.395049361, 40.1090884789]
[2465, 116.406782547, 40.1091491687]
[2466, 116.418515768, 40.10920867]
[2467, 116.430249024, 40.1092669828]
[2468, 116.441982314, 40.109324107]
[2469, 116.453715637, 40.1093800427]
[2470, 116.465448993, 40.1094347899]
[2471, 116.47718238, 40.1094883484]
[2472, 116.488915798, 40.1095407185]
[2473, 116.500649247, 40.1095918999]
[2474, 116.512382725, 40.1096418928]
[2475, 116.524116233, 40.109690697]
[2476, 116.535849768, 40.1097383127]
[2477, 116.547583332, 40.1097847397]
[2478, 116.559316922, 40.1098299782]
[2479, 116.571050538, 40.109874028]
[2480, 116.58278418, 40.1099168891]
[2481, 116.594517847, 40.1099585617]
[2482, 116.606251537, 40.1099990455]
[2497, 116.160283326, 40.1166337724]
[2498, 116.172017208, 40.1167182566]
[2499, 116.183751139, 40.1168015522]
[2500, 116.195485119, 40.1168836592]
[2501, 116.207219147, 40.1169645775]
[2502, 116.218953222, 40.1170443071]
[2503, 116.230687343, 40.1171228481]
[2504, 116.242421511, 40.1172002003]
[2505, 116.254155723, 40.1172763638]
[2506, 116.265889979, 40.1173513386]
[2507, 116.277624279, 40.1174251246]
[2508, 116.289358623, 40.1174977219]
[2509, 116.301093008, 40.1175691304]
[2510, 116.312827435, 40.1176393501]
[2511, 116.324561903, 40.1177083811]
[2512, 116.336296411, 40.1177762232]
[2513, 116.348030958, 40.1178428765]
[2514, 116.359765544, 40.117908341]
[2515, 116.371500169, 40.1179726166]
[2516, 116.38323483, 40.1180357034]
[2517, 116.394969529, 40.1180976013]
[2518, 116.406704263, 40.1181583103]
[2519, 116.418439032, 40.1182178305]
[2520, 116.430173837, 40.1182761617]
[2521, 116.441908675, 40.1183333041]
[2522, 116.453643546, 40.1183892575]
[2523, 116.46537845, 40.118444022]
[2524, 116.477113385, 40.1184975976]
[2525, 116.488848352, 40.1185499842]
[2526, 116.500583349, 40.1186011819]
[2527, 116.512318375, 40.1186511906]
[2528, 116.524053431, 40.1187000103]
[2529, 116.535788515, 40.1187476411]
[2530, 116.547523627, 40.1187940828]
[2531, 116.559258765, 40.1188393356]
[2532, 116.57099393, 40.1188833994]
[2533, 116.58272912, 40.1189262741]
[2534, 116.594464335, 40.1189679599]
[2535, 116.606199574, 40.1190084566]
[2550, 116.160172485, 40.1256424164]
[2551, 116.171907916, 40.1257269274]
[2552, 116.183643395, 40.1258102495]
[2553, 116.195378924, 40.1258923825]
[2554, 116.2071145, 40.1259733264]
[2555, 116.218850124, 40.1260530813]
[2556, 116.230585794, 40.1261316472]
[2557, 116.242321509, 40.1262090239]
[2558, 116.25405727, 40.1262852116]
[2559, 116.265793075, 40.1263602101]
[2560, 116.277528924, 40.1264340196]
[2561, 116.289264816, 40.1265066398]
[2562, 116.30100075, 40.126578071]
[2563, 116.312736725, 40.126648313]
[2564, 116.324472742, 40.1267173658]
[2565, 116.336208799, 40.1267852294]
[2566, 116.347944895, 40.1268519039]
[2567, 116.35968103, 40.1269173891]
[2568, 116.371417203, 40.1269816851]
[2569, 116.383153413, 40.1270447919]
[2570, 116.39488966, 40.1271067094]
[2571, 116.406625944, 40.1271674377]
[2572, 116.418362262, 40.1272269767]
[2573, 116.430098615, 40.1272853265]
[2574, 116.441835002, 40.1273424869]
[2575, 116.453571422, 40.1273984581]
[2576, 116.465307875, 40.12745324]
[2577, 116.477044359, 40.1275068325]
[2578, 116.488780875, 40.1275592358]
[2579, 116.500517421, 40.1276104497]
[2580, 116.512253996, 40.1276604742]
[2581, 116.523990601, 40.1277093094]
[2582, 116.535727234, 40.1277569553]
[2583, 116.547463895, 40.1278034118]
[2584, 116.559200582, 40.1278486789]
[2585, 116.570937296, 40.1278927567]
[2586, 116.582674035, 40.127935645]
[2587, 116.594410799, 40.127977344]
[2588, 116.606147588, 40.1280178535]
[2603, 116.160061594, 40.1346510461]
[2604, 116.171798574, 40.1347355839]
[2605, 116.183535603, 40.1348189324]
[2606, 116.195272681, 40.1349010914]
[2607, 116.207009806, 40.134982061]
[2608, 116.218746979, 40.1350618412]
[2609, 116.230484198, 40.135140432]
[2610, 116.242221463, 40.1352178333]
[2611, 116.253958773, 40.1352940451]
[2612, 116.265696127, 40.1353690674]
[2613, 116.277433526, 40.1354429002]
[2614, 116.289170967, 40.1355155435]
[2615, 116.30090845, 40.1355869973]
[2616, 116.312645975, 40.1356572616]
[2617, 116.324383541, 40.1357263363]
[2618, 116.336121147, 40.1357942214]
[2619, 116.347858793, 40.135860917]
[2620, 116.359596477, 40.135926423]
[2621, 116.3713342, 40.1359907394]
[2622, 116.38307196, 40.1360538662]
[2623, 116.394809756, 40.1361158033]
[2624, 116.406547589, 40.1361765509]
[2625, 116.418285457, 40.1362361088]
[2626, 116.43002336, 40.136294477]
[2627, 116.441761296, 40.1363516556]
[2628, 116.453499266, 40.1364076445]
[2629, 116.465237268, 40.1364624438]
[2630, 116.476975302, 40.1365160533]
[2631, 116.488713367, 40.1365684732]
[2632, 116.500451463, 40.1366197033]
[2633, 116.512189588, 40.1366697437]
[2634, 116.523927743, 40.1367185944]
[2635, 116.535665925, 40.1367662554]
[2636, 116.547404136, 40.1368127266]
[2637, 116.559142373, 40.1368580081]
[2638, 116.570880637, 40.1369020998]
[2639, 116.582618926, 40.1369450018]
[2640, 116.59435724, 40.1369867139]
[2641, 116.606095578, 40.1370272363]
[2656, 116.159950654, 40.1436596615]
[2657, 116.171689183, 40.1437442261]
[2658, 116.183427762, 40.143827601]
[2659, 116.19516639, 40.1439097861]
[2660, 116.206905065, 40.1439907814]
[2661, 116.218643788, 40.1440705869]
[2662, 116.230382557, 40.1441492025]
[2663, 116.242121372, 40.1442266283]
[2664, 116.253860232, 40.1443028643]
[2665, 116.265599136, 40.1443779104]
[2666, 116.277338084, 40.1444517667]
[2667, 116.289077075, 40.144524433]
[2668, 116.300816109, 40.1445959094]
[2669, 116.312555184, 40.144666196]
[2670, 116.3242943, 40.1447352926]
[2671, 116.336033456, 40.1448031992]
[2672, 116.347772652, 40.144869916]
[2673, 116.359511887, 40.1449354427]
[2674, 116.371251159, 40.1449997795]
[2675, 116.382990469, 40.1450629263]
[2676, 116.394729816, 40.1451248831]
[2677, 116.406469199, 40.1451856499]
[2678, 116.418208617, 40.1452452267]
[2679, 116.42994807, 40.1453036134]
[2680, 116.441687557, 40.1453608101]
[2681, 116.453427077, 40.1454168168]
[2682, 116.46516663, 40.1454716334]
[2683, 116.476906214, 40.14552526]
[2684, 116.48864583, 40.1455776964]
[2685, 116.500385476, 40.1456289428]
[2686, 116.512125151, 40.1456789991]
[2710, 116.171579743, 40.152752854]
[2711, 116.183319873, 40.1528362553]
[2712, 116.195060051, 40.1529184665]
[2713, 116.206800277, 40.1529994874]
[2714, 116.21854055, 40.1530793182]
[2715, 116.23028087, 40.1531579588]
[2716, 116.242021235, 40.1532354092]
[2717, 116.253761646, 40.1533116693]
[2718, 116.265502101, 40.1533867392]
[2719, 116.2772426, 40.1534606188]
[2720, 116.288983142, 40.1535333082]
[2721, 116.300723726, 40.1536048073]
[2722, 116.312464352, 40.1536751161]
[2723, 116.324205019, 40.1537442346]
[2724, 116.335945726, 40.1538121628]
[2725, 116.347686472, 40.1538789007]
[2726, 116.359427258, 40.1539444482]
[2727, 116.371168081, 40.1540088054]
[2728, 116.382908942, 40.1540719722]
[2729, 116.39464984, 40.1541339487]
[2730, 116.406390774, 40.1541947347]
[2731, 116.418131743, 40.1542543304]
[2732, 116.429872747, 40.1543127357]
[2733, 116.441613785, 40.1543699505]
[2734, 116.453354856, 40.1544259749]
[2735, 116.465095959, 40.1544808089]
[2763, 116.171470254, 40.1617614676]
[2764, 116.183211935, 40.1618448953]
[2765, 116.194953664, 40.1619271325]
[2766, 116.206695441, 40.1620081792]
[2767, 116.218437265, 40.1620880353]
[2768, 116.230179137, 40.1621667008]
[2769, 116.241921053, 40.1622441757]
[2770, 116.253663015, 40.16232046]
[2771, 116.265405022, 40.1623955537]
[2772, 116.277147072, 40.1624694568]
[2773, 116.288889166, 40.1625421692]
[2774, 116.300631301, 40.162613691]
[2775, 116.312373479, 40.1626840221]
[2776, 116.324115697, 40.1627531625]
[2777, 116.335857956, 40.1628211122]
[2778, 116.347600254, 40.1628878712]
[2823, 116.253564341, 40.1713292365]
[2824, 116.265307899, 40.171404354]
[2825, 116.277051502, 40.1714782804]
[2826, 116.288795147, 40.1715510159]
[2827, 116.300538835, 40.1716225604]
[2828, 116.312282565, 40.1716929137]
